time,icao24,lat,lon,velocity,heading,vertrate,callsign,onground,alert,spi,squawk,baroaltitude,geoaltitude,lastposupdate,lastcontact
1654474990,407c8a,-33.94395446777344,151.16324288504464,71.15896818573951,254.05460409907715,19.182080000000003,DHK246  ,False,False,False,,358.14000000000004,297.18000000000006,1654474989.508,1654474989.803
1654475000,407c8a,-33.945648193359375,151.1557878766741,68.68935195673787,253.46516214265483,17.881600000000002,DHK246  ,False,False,False,,548.64,495.3,1654474999.871,1654474999.941
1654475010,407c8a,-33.9473876953125,151.14894944794324,69.66491163488236,249.69155816347805,17.231360000000002,DHK246  ,False,False,False,,723.9000000000001,670.5600000000001,1654475009.459,1654475009.861
1654475020,407c8a,-33.949951171875,151.14199891382336,68.80868793432295,244.7760766026392,20.80768,DHK246  ,False,False,False,,929.64,876.3000000000001,1654475019.537,1654475019.966
1654475030,407c8a,-33.952606201171875,151.135216537787,69.74084899297834,245.1363034282481,16.90624,DHK246  ,False,False,False,,1127.76,1066.8,1654475029.712,1654475029.934
1654475040,407c8a,-33.95526123046875,151.12820995097258,74.3812020075508,245.9168038033427,13.98016,DHK246  ,False,False,False,,1272.54,1219.2,1654475039.484,1654475039.781
1654475050,407c8a,-33.9580078125,151.12041862643494,82.15656184069867,247.93210043758975,10.72896,DHK246  ,False,False,False,,1402.0800000000002,1348.7400000000002,1654475049.583,1654475049.967
1654475060,407c8a,-33.96088163731463,151.11156463623047,92.9664504522699,249.25841210156256,7.152640000000001,DHK246  ,False,False,False,,1493.52,1440.18,1654475059.491,1654475059.78
1654475070,407c8a,-33.96405029296875,151.1011364995217,106.58430515635403,250.25316339457387,3.5763200000000004,DHK246  ,False,False,False,,1539.24,1485.9,1654475069.782,1654475069.97
1654475080,407c8a,-33.96739196777344,151.08975780253508,114.37444996835326,250.8315748664799,1.95072,DHK246  ,False,False,False,,1562.1,1516.38,1654475079.776,1654475079.951
1654475090,407c8a,-33.97075071173202,151.0780906677246,114.04075959222727,251.31984962332663,2.27584,DHK246  ,False,False,False,,1592.5800000000002,1546.86,1654475089.783,1654475089.981
1654475100,407c8a,-33.97396281614141,151.0666465759277,113.38910607309688,251.48284781954547,0.97536,DHK246  ,False,False,False,,1607.8200000000002,1562.1,1654475099.689,1654475099.949
1654475110,407c8a,-33.97718811035156,151.05483697385205,112.57746268265583,251.89623696549336,10.72896,DHK246  ,False,False,False,,1653.5400000000002,1600.2000000000005,1654475109.683,1654475109.955
1654475120,407c8a,-33.980293920484655,151.0433578491211,113.3984417754014,252.30484078874443,14.630400000000002,DHK246  ,False,False,False,,1790.7,1737.36,1654475119.747,1654475119.891
1654475130,407c8a,-33.98331981594282,151.0316276550293,117.17584392516947,253.15619144827255,16.256,DHK246  ,False,False,False,,1920.24,1866.9,1654475129.572,1654475129.918
1654475140,407c8a,-33.98680114746094,151.01896324936226,119.04127446850995,248.98026613178405,22.43328,DHK246  ,False,False,False,,2141.2200000000003,2080.26,1654475139.963,1654475139.976
1654475150,407c8a,-33.99118714413402,151.00753784179688,121.2713758522081,244.6307022758084,21.45792,DHK246  ,False,False,False,,2354.58,2301.24,1654475149.608,1654475149.991
1654475160,407c8a,-33.99574926344019,150.99529266357422,122.49061802279898,245.6954507340633,22.10816,DHK246  ,False,False,False,,2575.56,2522.2200000000003,1654475159.838,1654475159.968
1654475170,407c8a,-34.0015869140625,150.9839863679847,125.28058177910287,230.1643049465183,20.15744,DHK246  ,False,False,False,,2788.92,2735.58,1654475169.922,1654475169.985
1654475180,407c8a,-34.01022700940149,150.97503662109375,130.01700670847973,215.0105925737633,20.482560000000003,DHK246  ,False,False,False,,2987.04,2933.7,1654475179.832,1654475179.982
1654475190,407c8a,-34.02081298828125,150.9681795081314,134.97269493940505,203.82944947796483,18.85696,DHK246  ,False,False,False,,3200.4,3147.0600000000004,1654475189.878,1654475189.955
1654475200,407c8a,-34.03266518802968,150.9634780883789,144.65484705071924,195.4695747677329,13.98016,DHK246  ,False,False,False,,3345.1800000000003,3291.84,1654475199.867,1654475199.989
1654475210,407c8a,-34.04579291909431,150.95930099487305,152.73442963259043,194.83196702066576,15.93088,DHK246  ,False,False,False,,3497.5800000000004,3436.62,1654475209.992,1654475209.992
1654475220,407c8a,-34.0596189337262,150.95489501953125,160.58977379072903,194.6594829986322,16.90624,DHK246  ,False,False,False,,3665.22,3611.880000000001,1654475219.997,1654475219.997
1654475230,407c8a,-34.07391357421875,150.95046685666455,168.44643756268036,194.50308763622343,17.55648,DHK246  ,False,False,False,,3840.48,3787.14,1654475229.893,1654475229.986
1654475240,407c8a,-34.088836669921875,150.94581448301977,176.43254302700598,194.522476034193,16.90624,DHK246  ,False,False,False,,4008.12,3954.78,1654475239.783,1654475239.938
1654475250,407c8a,-34.10472805217165,150.94087600708008,183.29373327612336,194.46527123872056,18.85696,DHK246  ,False,False,False,,4183.38,4122.42,1654475249.871,1654475249.975
1654475260,407c8a,-34.12060546875,150.93589315609057,187.4299602291817,194.95167735392437,23.73376,DHK246  ,False,False,False,,4389.12,4335.78,1654475259.758,1654475259.946
1654475270,407c8a,-34.13722151416846,150.9305763244629,189.9162540747889,194.7514624337615,25.35936,DHK246  ,False,False,False,,4632.96,4572.0,1654475269.814,1654475269.957
1654475280,407c8a,-34.15365445411811,150.9254264831543,190.91140910569624,194.67283704389,27.6352,DHK246  ,False,False,False,,4892.04,4846.32,1654475279.618,1654475279.912
1654475290,407c8a,-34.17064602092165,150.9199333190918,191.9393252729824,195.2281813380876,25.03424,DHK246  ,False,False,False,,5166.360000000001,5113.02,1654475289.955,1654475289.995
1654475300,407c8a,-34.187544483249496,150.9143829345703,193.8368740937542,195.5485302790574,23.73376,DHK246  ,False,False,False,,5410.2,5356.86,1654475299.873,1654475299.957
1654475310,407c8a,-34.204163632150426,150.90883255004883,195.9572502338958,195.53216268016288,23.40864,DHK246  ,False,False,False,,5638.8,5585.46,1654475309.746,1654475309.98
1654475320,407c8a,-34.22092243776484,150.90322494506836,198.07764202305117,195.51614550542325,23.08352,DHK246  ,False,False,False,,5875.02,5829.3,1654475319.575,1654475319.974
1654475330,407c8a,-34.23820495605469,150.89749706034758,200.19804896398213,195.5004676227814,22.43328,DHK246  ,False,False,False,,6103.62,6050.28,1654475329.505,1654475329.87
1654475340,407c8a,-34.25605773925781,150.89155547472896,202.81428668479643,195.44631636769253,21.78304,DHK246  ,False,False,False,,6324.6,6271.26,1654475339.759,1654475339.902
1654475350,407c8a,-34.27371267545021,150.88560104370117,204.57672757747585,195.6089478676723,21.78304,DHK246  ,False,False,False,,6537.96,6477.0,1654475349.735,1654475349.985
1654475360,407c8a,-34.29126286910753,150.87976455688477,207.05524227033723,195.41742925899447,21.1328,DHK246  ,False,False,False,,6751.320000000001,6697.9800000000005,1654475359.564,1654475359.957
1654475370,407c8a,-34.309883764234655,150.87358474731445,209.67174865410067,195.3660852128234,19.182080000000003,DHK246  ,False,False,False,,6964.68,6903.72,1654475369.875,1654475369.993
1654475380,407c8a,-34.32769775390625,150.86762097417093,213.05808657421335,195.54632727307904,17.231360000000002,DHK246  ,False,False,False,,7132.320000000001,7078.9800000000005,1654475379.508,1654475379.876
1654475390,407c8a,-34.346287614208165,150.86139678955078,215.8121705059725,195.62646394557603,18.20672,DHK246  ,False,False,False,,7307.58,7254.24,1654475389.533,1654475389.876
1654475400,407c8a,-34.365325927734375,150.85500911790498,218.92357690758905,195.5385250290321,18.20672,DHK246  ,False,False,False,,7498.08,7437.12,1654475399.667,1654475399.926
1654475410,407c8a,-34.384041479078405,150.84875106811523,221.5396805840236,195.4885014429097,16.90624,DHK246  ,False,False,False,,7673.34,7620.0,1654475409.38,1654475409.76
1654475420,407c8a,-34.40400695800781,150.84211699816646,224.6518693853844,195.40471569866028,16.90624,DHK246  ,False,False,False,,7840.98,7780.02,1654475419.918,1654475419.994
1654475430,407c8a,-34.42402985136391,150.83547592163086,227.6291171959153,195.1983340045903,17.231360000000002,DHK246  ,False,False,False,,8016.240000000001,7947.660000000001,1654475429.953,1654475429.988
1654475440,407c8a,-34.44353523900952,150.8290672302246,230.3813262136637,195.2775612320757,15.93088,DHK246  ,False,False,False,,8176.26,8115.3,1654475439.72,1654475439.997
1654475450,407c8a,-34.463832014698085,150.82231521606445,231.6460845192485,195.4559990703121,21.45792,DHK246  ,False,False,False,,8366.76,8298.18,1654475449.86,1654475449.961
1654475460,407c8a,-34.483795166015625,150.81571617904976,232.9982699821346,195.23292823959983,17.881600000000002,DHK246  ,False,False,False,,8572.5,8503.92,1654475459.781,1654475459.912
1654475470,407c8a,-34.50437901383742,150.80886840820312,236.16285707985637,195.67109145200945,12.02944,DHK246  ,False,False,False,,8709.66,8648.7,1654475469.912,1654475469.912
1654475480,407c8a,-34.52448958057471,150.80034255981445,232.84772034088428,202.8827771147727,14.305280000000002,DHK246  ,False,False,False,,8846.82,8778.240000000002,1654475479.903,1654475479.903
1654475490,407c8a,-34.54216003417969,150.78931535993303,228.07281645135103,210.4983078273214,16.90624,DHK246  ,False,False,False,,8999.220000000001,8945.880000000001,1654475489.539,1654475489.816
1654475500,407c8a,-34.55909729003906,150.77541429169324,223.991776916798,217.15940072854937,17.55648,DHK246  ,False,False,False,,9174.48,9113.52,1654475499.676,1654475499.953
1654475510,407c8a,-34.57430047503976,150.75942993164062,220.1153124473964,223.95837332399,17.881600000000002,DHK246  ,False,False,False,,9349.74,9288.78,1654475509.709,1654475509.954
1654475520,407c8a,-34.587335101628696,150.74203491210938,216.1283269151296,230.8929103601636,18.531840000000003,DHK246  ,False,False,False,,9532.62,9471.660000000002,1654475519.663,1654475519.954
1654475530,407c8a,-34.598833504369736,150.72349548339844,214.8381216667992,233.5691418798376,19.5072,DHK246  ,False,False,False,,9723.12,9662.160000000002,1654475529.536,1654475529.797
1654475540,407c8a,-34.610750877251064,150.7042121887207,214.934801705291,233.0752476274856,19.832320000000003,DHK246  ,False,False,False,,9928.86,9875.52,1654475539.828,1654475539.916
1654475550,407c8a,-34.62224927999205,150.6855010986328,213.39940768589256,233.62735314406524,20.482560000000003,DHK246  ,False,False,False,,10134.6,10073.64,1654475549.986,1654475549.994
1654475560,407c8a,-34.63352966308594,150.66678416972258,212.4877921052108,233.9624280070452,16.90624,DHK246  ,False,False,False,,10325.1,10264.14,1654475559.87,1654475559.925
1654475570,407c8a,-34.6446533203125,150.6481746751435,213.7377073335401,234.20582350963653,13.65504,DHK246  ,False,False,False,,10469.88,10408.920000000002,1654475569.764,1654475569.984
1654475580,407c8a,-34.656005859375,150.6291167590083,213.0195760761404,234.2371293998368,17.231360000000002,DHK246  ,False,False,False,,10622.28,10553.7,1654475579.792,1654475579.909
1654475590,407c8a,-34.66731262207031,150.61011489556762,213.0195760761404,234.2371293998368,14.955520000000002,DHK246  ,False,False,False,,10782.3,10721.34,1654475589.967,1654475589.982
1654475600,407c8a,-34.678070068359375,150.59206592793367,213.3206420316363,234.125008647936,15.60576,DHK246  ,False,False,False,,10919.46,10866.12,1654475599.527,1654475599.972
1654475610,407c8a,-34.689605712890625,150.5726716956314,213.0195760761404,234.2371293998368,13.65504,DHK246  ,False,False,False,,11071.86,11010.9,1654475609.947,1654475609.947
1654475620,407c8a,-34.700596696239415,150.55423736572266,213.4372296743637,234.31783890105376,11.70432,DHK246  ,False,False,False,,11193.78,11140.44,1654475619.613,1654475619.909
1654475630,407c8a,-34.711761474609375,150.53545270647322,215.1741593612641,234.14383866491409,7.477760000000001,DHK246  ,False,False,False,,11300.46,11254.740000000002,1654475629.623,1654475629.914
1654475640,407c8a,-34.72298832262976,150.5167007446289,217.63170213304,233.9427539484097,9.7536,DHK246  ,False,False,False,,11369.04,11323.320000000002,1654475639.571,1654475639.683
1654475650,407c8a,-34.73462638208423,150.4973030090332,217.63170213304,233.9427539484097,12.67968,DHK246  ,False,False,False,,11490.96,11452.86,1654475649.441,1654475649.861
1654475660,407c8a,-34.74641418457031,150.47777448381697,217.63170213304,233.9427539484097,10.40384,DHK246  ,False,False,False,,11612.88,11574.78,1654475659.651,1654475659.945
1654475670,407c8a,-34.758270263671875,150.45798788265307,217.74598151883723,234.13186408439637,8.45312,DHK246  ,False,False,False,,11704.32,11673.84,1654475669.888,1654475669.941
1654475680,407c8a,-34.76972676939886,150.4387664794922,218.0478039886722,234.02231938605587,7.80288,DHK246  ,False,False,False,,11788.14,11757.660000000002,1654475679.935,1654475679.943
1654475690,407c8a,-34.781158447265625,150.4197038922991,218.0478039886722,234.02231938605587,6.502400000000001,DHK246  ,False,False,False,,11864.34,11833.86,1654475689.911,1654475689.979
1654475700,407c8a,-34.79283142089844,150.4002536073023,219.18272857119103,234.07149757717715,5.8521600000000005,DHK246  ,False,False,False,,11925.3,11894.820000000002,1654475699.986,1654475699.986
1654475710,407c8a,-34.8043212890625,150.38102753308354,220.3178129653473,234.12016906863224,5.20192,DHK246  ,False,False,False,,11986.26,11955.78,1654475709.769,1654475709.998
1654475720,407c8a,-34.81581115722656,150.36168935347578,221.45305471373945,234.1683415821628,5.20192,DHK246  ,False,False,False,,12031.98,12009.12,1654475719.869,1654475719.922
1654475730,407c8a,-34.82754464876854,150.34212112426758,222.47309071098505,234.03107179644064,5.20192,DHK246  ,False,False,False,,12085.32,12062.46,1654475729.665,1654475729.998
1654475740,407c8a,-34.83908960374737,150.32278060913086,223.6080422749489,234.07923230626147,3.90144,DHK246  ,False,False,False,,12138.66,12115.8,1654475739.594,1654475739.881
1654475750,407c8a,-34.851053528866544,150.30275344848633,225.4615024536741,234.0975794672412,2.92608,DHK246  ,False,False,False,,12169.14,12153.9,1654475749.643,1654475749.975
1654475760,407c8a,-34.86283124503444,150.28289794921875,227.31498537416823,234.11562743156247,0.97536,DHK246  ,False,False,False,,12192.0,12176.76,1654475759.531,1654475759.983
1654475770,407c8a,-34.875091552734375,150.26242003148917,227.31498537416823,234.11562743156247,-0.65024,DHK246  ,False,False,False,,12199.62,12184.38,1654475769.743,1654475770.0
1654475780,407c8a,-34.88703918457031,150.24229711415816,227.31498537416823,234.11562743156247,-0.32512,DHK246  ,False,False,False,,12192.0,12176.76,1654475779.848,1654475779.862
1654475790,407c8a,-34.899169921875,150.2220060387436,226.89838242223345,234.03948280335516,-0.32512,DHK246  ,False,False,False,,12192.0,12169.14,1654475789.874,1654475789.996
1654475800,407c8a,-34.91096625893806,150.20221710205078,225.76356037384133,233.99182439588785,0.0,DHK246  ,False,False,False,,12192.0,12161.52,1654475799.77,1654475799.958
1654475810,407c8a,-34.92265319824219,150.1827130998884,225.04499633320145,234.0207743174395,0.0,DHK246  ,False,False,False,,12192.0,12161.52,1654475809.464,1654475809.846
1654475820,407c8a,-34.9349406614142,150.16204833984375,224.02485726717077,234.1564213264841,0.0,DHK246  ,False,False,False,,12192.0,12161.52,1654475819.972,1654475819.982
1654475830,407c8a,-34.94625285520391,150.14305114746094,223.30662413328704,234.1861261601535,0.32512,DHK246  ,False,False,False,,12192.0,12153.9,1654475829.636,1654475829.942
1654475840,407c8a,-34.95798401913402,150.12331008911133,222.58845140876147,234.21602268481456,0.0,DHK246  ,False,False,False,,12192.0,12153.9,1654475839.59,1654475839.845
1654475850,407c8a,-34.969761735301915,150.10339736938477,221.5701409426756,234.35407120144745,0.0,DHK246  ,False,False,False,,12192.0,12153.9,1654475849.634,1654475849.934
1654475860,407c8a,-34.9815673828125,150.08338772520727,220.8523131017512,234.38474876569703,0.32512,DHK246  ,False,False,False,,12192.0,12146.28,1654475859.755,1654475859.943
1654475870,407c8a,-34.99314880371094,150.06382533482144,220.1345489875392,234.41562639154037,0.32512,DHK246  ,False,False,False,,12184.38,12138.660000000002,1654475869.985,1654475869.986
1654475880,407c8a,-35.004730224609375,150.04409478635205,219.4168492254348,234.44670602429863,0.32512,DHK246  ,False,False,False,,12192.0,12153.9,1654475879.992,1654475879.992
1654475890,407c8a,-35.016082763671875,150.0248687121333,218.99851472561616,234.36844608310585,0.32512,DHK246  ,False,False,False,,12192.0,12153.9,1654475889.824,1654475889.96
1654475900,407c8a,-35.027435302734375,150.00558658522002,218.2807170454381,234.3995323378052,0.0,DHK246  ,False,False,False,,12192.0,12153.9,1654475899.817,1654475899.952
1654475910,407c8a,-35.03910827636719,149.98579998405611,218.58059036724407,234.28988673010397,0.0,DHK246  ,False,False,False,,12192.0,12153.9,1654475909.937,1654475909.937
1654475920,407c8a,-35.050110897775426,149.96721267700195,218.16307850738227,234.21102654081665,-0.32512,DHK246  ,False,False,False,,12192.0,12146.28,1654475919.67,1654475919.977
1654475930,407c8a,-35.06170240499205,149.9476432800293,217.86263050921767,234.3207737681308,-0.32512,DHK246  ,False,False,False,,12192.0,12146.28,1654475929.686,1654475929.971
1654475940,407c8a,-35.073433568922155,149.9277305603027,217.1447343824285,234.35186504478617,0.0,DHK246  ,False,False,False,,12192.0,12146.28,1654475939.961,1654475939.961
1654475950,407c8a,-35.08447265625,149.90906384526468,216.7268986975481,234.2726017772003,0.0,DHK246  ,False,False,False,,12192.0,12146.28,1654475949.726,1654475949.901
1654475960,407c8a,-35.09596252441406,149.88961356026786,216.4269026210732,234.3831625740694,0.0,DHK246  ,False,False,False,,12192.0,12146.28,1654475959.843,1654475959.984
1654475970,407c8a,-35.10750980700476,149.8699951171875,216.4269026210732,234.3831625740694,0.0,DHK246  ,False,False,False,,12192.0,12146.28,1654475969.98,1654475969.98
1654475980,407c8a,-35.11871337890625,149.8509372010523,216.12771465618192,234.4940298857589,0.0,DHK246  ,False,False,False,,12192.0,12146.28,1654475979.917,1654475979.917
1654475990,407c8a,-35.1299945378708,149.83171463012695,216.12771465618192,234.4940298857589,0.0,DHK246  ,False,False,False,,12192.0,12146.28,1654475989.908,1654475989.968
1654476000,407c8a,-35.14121362718487,149.81266021728516,216.12771465618192,234.4940298857589,0.0,DHK246  ,False,False,False,,12192.0,12146.28,1654475999.776,1654475999.884
1654476010,407c8a,-35.15261892545021,149.79320526123047,216.12771465618192,234.4940298857589,0.0,DHK246  ,False,False,False,,12192.0,12146.28,1654476009.873,1654476010.0
1654476020,407c8a,-35.16355870133742,149.77455139160156,215.70913586773304,234.4146683962971,0.0,DHK246  ,False,False,False,,12192.0,12146.28,1654476019.527,1654476019.796
1654476030,407c8a,-35.17496399960277,149.75515365600586,215.70913586773304,234.4146683962971,0.0,DHK246  ,False,False,False,,12192.0,12146.28,1654476029.58,1654476029.948
1654476040,407c8a,-35.18641585010596,149.73569869995117,216.00890359531851,234.3036964241784,0.0,DHK246  ,False,False,False,,12192.0,12153.9,1654476039.967,1654476039.981
1654476050,407c8a,-35.197728043895665,149.71641540527344,216.12771465618192,234.4940298857589,0.0,DHK246  ,False,False,False,,12192.0,12146.28,1654476049.768,1654476049.997
1654476060,407c8a,-35.208892822265625,149.69735281808036,216.12771465618192,234.4940298857589,-0.32512,DHK246  ,False,False,False,,12192.0,12146.28,1654476059.763,1654476059.901
1654476070,407c8a,-35.220398983712926,149.67761993408203,216.12771465618192,234.4940298857589,-0.32512,DHK246  ,False,False,False,,12192.0,12146.28,1654476069.933,1654476069.978
1654476080,407c8a,-35.23182678222656,149.65816497802734,216.4269026210732,234.3831625740694,0.0,DHK246  ,False,False,False,,12192.0,12146.28,1654476079.939,1654476079.988
1654476090,407c8a,-35.24279061010327,149.6394575403092,216.4269026210732,234.3831625740694,0.0,DHK246  ,False,False,False,,12192.0,12146.28,1654476089.704,1654476089.973
1654476100,407c8a,-35.25389099121094,149.62051391601562,216.8453163642454,234.46232220802565,0.0,DHK246  ,False,False,False,,12192.0,12146.28,1654476099.548,1654476099.825
1654476110,407c8a,-35.26579284667969,149.60020065307617,216.8453163642454,234.46232220802565,0.0,DHK246  ,False,False,False,,12192.0,12146.28,1654476109.966,1654476110.0
1654476120,407c8a,-35.27655029296875,149.5817756652832,217.2641424288097,234.54117679560883,0.0,DHK246  ,False,False,False,,12192.0,12138.66,1654476119.51,1654476119.79
1654476130,407c8a,-35.28804016113281,149.56214904785156,217.5629840442346,234.4308237067937,-0.32512,DHK246  ,False,False,False,,12192.0,12138.66,1654476129.654,1654476129.957
1654476140,407c8a,-35.29916537010064,149.5430934175532,217.9816453000265,234.5094792175529,0.0,DHK246  ,False,False,False,,12192.0,12138.66,1654476139.416,1654476139.936
1654476150,407c8a,-35.31120300292969,149.5224952697754,217.6833784348286,234.6197277996989,0.0,DHK246  ,False,False,False,,12192.0,12131.04,1654476149.988,1654476149.988
1654476160,407c8a,-35.32230183229609,149.50341407288897,217.2641424288097,234.54117679560883,0.32512,DHK246  ,False,False,False,,12192.0,12131.04,1654476159.782,1654476159.992
1654476170,407c8a,-35.33370713056144,149.4837789332613,216.96610898865885,234.65183346680425,0.0,DHK246  ,False,False,False,,12192.0,12131.04,1654476169.943,1654476169.943
1654476180,407c8a,-35.34487966763771,149.4646112969581,216.96610898865885,234.65183346680425,0.0,DHK246  ,False,False,False,,12192.0,12131.04,1654476179.846,1654476179.865
1654476190,407c8a,-35.356292724609375,149.44496154785156,217.2641424288097,234.54117679560883,0.0,DHK246  ,False,False,False,,12192.0,12131.04,1654476189.844,1654476189.844
1654476200,407c8a,-35.367279052734375,149.4261360168457,216.96610898865885,234.65183346680425,0.0,DHK246  ,False,False,False,,12192.0,12123.42,1654476199.599,1654476199.908
1654476210,407c8a,-35.378443831104335,149.4068746363863,217.08927260637287,234.8411317596344,0.0,DHK246  ,False,False,False,,12192.0,12123.42,1654476209.504,1654476209.976
1654476220,407c8a,-35.38993835449219,149.38705444335938,217.38591976288,234.7302785080234,0.0,DHK246  ,False,False,False,,12192.0,12123.42,1654476219.615,1654476219.998
1654476230,407c8a,-35.40087890625,149.36811447143555,217.38591976288,234.7302785080234,0.0,DHK246  ,False,False,False,,12192.0,12123.42,1654476229.496,1654476229.912
1654476240,407c8a,-35.412506103515625,149.34803009033203,217.38591976288,234.7302785080234,0.0,DHK246  ,False,False,False,,12192.0,12115.8,1654476239.62,1654476239.89
1654476250,407c8a,-35.42336674059851,149.3292690845246,217.38591976288,234.7302785080234,0.0,DHK246  ,False,False,False,,12192.0,12115.8,1654476249.22,1654476249.998
1654476260,407c8a,-35.4349365234375,149.30940628051758,217.6833784348286,234.6197277996989,0.32512,DHK246  ,False,False,False,,12192.0,12123.42,1654476259.571,1654476260.0
1654476270,407c8a,-35.446563720703125,149.28932189941406,217.38591976288,234.7302785080234,0.32512,DHK246  ,False,False,False,,12192.0,12123.42,1654476269.751,1654476269.949
1654476280,407c8a,-35.458094710010585,149.2694286589927,217.38591976288,234.7302785080234,0.0,DHK246  ,False,False,False,,12192.0,12123.42,1654476279.933,1654476279.933
1654476290,407c8a,-35.46940612792969,149.24989700317383,217.38591976288,234.7302785080234,0.0,DHK246  ,False,False,False,,12192.0,12123.42,1654476289.975,1654476289.975
1654476300,407c8a,-35.48067254535226,149.23033369348406,217.38591976288,234.7302785080234,0.0,DHK246  ,False,False,False,,12192.0,12123.42,1654476299.943,1654476299.997
1654476310,407c8a,-35.49165887347726,149.21139980884308,217.38591976288,234.7302785080234,-0.32512,DHK246  ,False,False,False,,12199.62,12131.04,1654476309.721,1654476309.992
1654476320,407c8a,-35.50341796875,149.19113159179688,217.6833784348286,234.6197277996989,-0.32512,DHK246  ,False,False,False,,12199.62,12131.04,1654476319.997,1654476319.997
1654476330,407c8a,-35.51458740234375,149.17179107666016,217.38591976288,234.7302785080234,-0.32512,DHK246  ,False,False,False,,12199.62,12123.42,1654476329.987,1654476329.996
1654476340,407c8a,-35.5257568359375,149.15245056152344,217.38591976288,234.7302785080234,-0.32512,DHK246  ,False,False,False,,12192.0,12108.18,1654476339.889,1654476339.889
1654476350,407c8a,-35.53669738769531,149.1335105895996,217.08927260637287,234.8411317596344,-0.32512,DHK246  ,False,False,False,,12192.0,12100.56,1654476349.502,1654476349.82
1654476360,407c8a,-35.54804992675781,149.11382675170898,216.3724799833805,234.8740592517574,0.0,DHK246  ,False,False,False,,12192.0,12100.56,1654476359.804,1654476359.917
1654476370,407c8a,-35.55921936035156,149.09442901611328,215.5317765133109,234.71668581778508,0.32512,DHK246  ,False,False,False,,12184.38,12085.320000000002,1654476369.598,1654476369.977
1654476380,407c8a,-35.5706114688162,149.0747719622673,214.3948070289241,234.6700884197193,0.32512,DHK246  ,False,False,False,,12184.38,12085.320000000002,1654476379.759,1654476379.956
1654476390,407c8a,-35.58178400589247,149.05537057430186,212.9605545444758,234.73584673829592,0.65024,DHK246  ,False,False,False,,12184.38,12092.94,1654476389.951,1654476389.951
1654476400,407c8a,-35.59244446835277,149.03684575506983,211.94718201544077,234.88265616462863,0.65024,DHK246  ,False,False,False,,12184.38,12092.94,1654476399.705,1654476399.995
1654476410,407c8a,-35.60329113976434,149.01797030834442,211.23048087645049,234.9165261209073,0.32512,DHK246  ,False,False,False,,12192.0,12108.18,1654476409.541,1654476409.871
1654476420,407c8a,-35.61474299026747,148.99798454122342,211.23048087645049,234.9165261209073,0.0,DHK246  ,False,False,False,,12192.0,12108.18,1654476419.988,1654476419.997
1654476430,407c8a,-35.62531034825213,148.97951815990692,211.6516649372384,234.9965708450981,-0.32512,DHK246  ,False,False,False,,12199.62,12115.8,1654476429.942,1654476429.943
1654476440,407c8a,-35.63611046742585,148.96058427526597,211.6516649372384,234.9965708450981,-0.32512,DHK246  ,False,False,False,,12199.62,12108.18,1654476439.939,1654476439.939
1654476450,407c8a,-35.64729309082031,148.94107818603516,212.36819085953803,234.96249794593157,-0.32512,DHK246  ,False,False,False,,12192.0,12108.18,1654476449.887,1654476449.887
1654476460,407c8a,-35.657958984375,148.92248153686523,212.66395671996884,234.84901451111705,-0.32512,DHK246  ,False,False,False,,12192.0,12115.8,1654476459.583,1654476459.93
1654476470,407c8a,-35.669302212989976,148.90273073886303,213.08479138060943,234.92865420802133,0.0,DHK246  ,False,False,False,,12192.0,12115.8,1654476469.838,1654476469.985
1654476480,407c8a,-35.68019543663934,148.88362154047542,213.92768846818964,235.08699284366887,0.32512,DHK246  ,False,False,False,,12192.0,12123.42,1654476479.713,1654476479.973
1654476490,407c8a,-35.69122831700213,148.86422015250997,214.939111267579,234.94057303311305,0.0,DHK246  ,False,False,False,,12192.0,12123.42,1654476489.835,1654476489.987
1654476500,407c8a,-35.702493958554044,148.84452657496675,216.076891115838,234.98562919617245,-0.32512,DHK246  ,False,False,False,,12199.62,12123.42,1654476499.981,1654476499.981
1654476510,407c8a,-35.71366882324219,148.82497787475586,217.51006240516105,234.91916641857196,-0.32512,DHK246  ,False,False,False,,12199.62,12123.42,1654476509.876,1654476509.966
1654476520,407c8a,-35.72474592823096,148.80566536112036,218.64777823505787,234.9638041899072,-0.32512,DHK246  ,False,False,False,,12192.0,12115.8,1654476519.675,1654476519.991
1654476530,407c8a,-35.73638398768537,148.785328966506,219.36437483165383,234.93092500513143,-0.32512,DHK246  ,False,False,False,,12192.0,12115.8,1654476529.939,1654476529.939
1654476540,407c8a,-35.74727721133473,148.76633664394947,219.6603591597449,234.8210986046629,0.0,DHK246  ,False,False,False,,12192.0,12115.8,1654476539.609,1654476539.995
1654476550,407c8a,-35.75862121582031,148.74652862548828,220.08104319535155,234.89825994415253,0.32512,DHK246  ,False,False,False,,12192.0,12115.8,1654476549.506,1654476549.937
1654476560,407c8a,-35.77043151855469,148.72587203979492,219.78562540131784,235.0079798014413,0.32512,DHK246  ,False,False,False,,12192.0,12115.8,1654476559.89,1654476559.89
1654476570,407c8a,-35.781646728515625,148.7061309814453,220.20727196455783,235.0847396515161,0.32512,DHK246  ,False,False,False,,12192.0,12115.8,1654476569.876,1654476569.992
1654476580,407c8a,-35.792991508871864,148.6861598238032,220.9236018746325,235.05170034199267,0.0,DHK246  ,False,False,False,,12192.0,12115.8,1654476579.821,1654476579.821
1654476590,407c8a,-35.80412292480469,148.66653442382812,221.34547198621885,235.12798221063267,0.0,DHK246  ,False,False,False,,12192.0,12115.8,1654476589.685,1654476589.885
1654476600,407c8a,-35.815521240234375,148.6465072631836,221.34547198621885,235.12798221063267,0.0,DHK246  ,False,False,False,,12192.0,12115.8,1654476599.808,1654476599.808
1654476610,407c8a,-35.82660222457628,148.627020653258,222.06170566706277,235.0949727571985,0.0,DHK246  ,False,False,False,,12192.0,12115.8,1654476609.363,1654476609.797
1654476620,407c8a,-35.83828683626854,148.6064505069814,222.35647994872448,234.9862604016048,0.0,DHK246  ,False,False,False,,12192.0,12115.8,1654476619.646,1654476619.76
1654476630,407c8a,-35.85006455243644,148.5857050469581,222.77801258033733,235.0621755661266,0.0,DHK246  ,False,False,False,,12192.0,12115.8,1654476629.894,1654476629.894
1654476640,407c8a,-35.86152648925781,148.56548309326172,223.1999348309955,235.13780385308516,0.32512,DHK246  ,False,False,False,,12192.0,12115.8,1654476639.913,1654476639.913
1654476650,407c8a,-35.87296825344282,148.54520757147608,224.04493938263116,235.2882052320823,-0.32512,DHK246  ,False,False,False,,12192.0,12115.8,1654476649.885,1654476649.885
1654476660,407c8a,-35.88409423828125,148.5254555560173,224.338287458132,235.1802002995324,0.0,DHK246  ,False,False,False,,12192.0,12115.8,1654476659.595,1654476659.882
1654476670,407c8a,-35.89585876464844,148.5047149658203,224.6324306096212,235.07247783743892,0.0,DHK246  ,False,False,False,,12192.0,12108.18,1654476669.961,1654476669.963
1654476680,407c8a,-35.907073974609375,148.4849739074707,224.6324306096212,235.07247783743892,0.0,DHK246  ,False,False,False,,12192.0,12108.18,1654476679.543,1654476679.79
1654476690,407c8a,-35.91886875993117,148.46415418259642,225.054404126373,235.1474636333166,0.0,DHK246  ,False,False,False,,12192.0,12108.18,1654476689.657,1654476689.95
1654476700,407c8a,-35.93019104003906,148.44417572021484,225.054404126373,235.1474636333166,0.0,DHK246  ,False,False,False,,12192.0,12108.18,1654476699.555,1654476699.857
1654476710,407c8a,-35.942005222126625,148.42336451753658,225.054404126373,235.1474636333166,0.32512,DHK246  ,False,False,False,,12192.0,12108.18,1654476709.73,1654476709.735
1654476720,407c8a,-35.9535501771054,148.4029112470911,225.054404126373,235.1474636333166,0.32512,DHK246  ,False,False,False,,12192.0,12108.18,1654476719.863,1654476719.956
1654476730,407c8a,-35.96507263183594,148.3824348449707,225.18372142561,235.32968208901943,0.32512,DHK246  ,False,False,False,,12192.0,12108.18,1654476729.737,1654476729.997
1654476740,407c8a,-35.97651672363281,148.36212158203125,225.89950111196052,235.29659416009295,0.0,DHK246  ,False,False,False,,12192.0,12108.18,1654476739.601,1654476739.992
1654476750,407c8a,-35.98846435546875,148.34089279174805,226.61535565952963,235.26371526297223,-0.32512,DHK246  ,False,False,False,,12192.0,12100.56,1654476749.95,1654476749.95
1654476760,407c8a,-35.99959034030724,148.3210397273936,227.4616342115756,235.41138977804184,-0.32512,DHK246  ,False,False,False,,12192.0,12100.56,1654476759.495,1654476759.877
1654476770,407c8a,-36.01132150423729,148.30011895362367,227.4616342115756,235.41138977804184,0.0,DHK246  ,False,False,False,,12192.0,12100.56,1654476769.485,1654476769.944
1654476780,407c8a,-36.02320861816406,148.27898025512695,227.75406760507263,235.304846468766,0.0,DHK246  ,False,False,False,,12192.0,12092.94,1654476779.87,1654476779.91
1654476790,407c8a,-36.03446960449219,148.25889587402344,227.03830640845328,235.3376901335625,0.0,DHK246  ,False,False,False,,12192.0,12092.94,1654476789.528,1654476789.805
1654476800,407c8a,-36.04618835449219,148.23801040649414,226.32262028683297,235.37074152828464,0.0,DHK246  ,False,False,False,,12192.0,12085.32,1654476799.604,1654476799.876
1654476810,407c8a,-36.05773408534162,148.21737086519283,225.89950111196052,235.29659416009295,0.0,DHK246  ,False,False,False,,12192.0,12085.32,1654476809.739,1654476809.998
1654476820,407c8a,-36.06960490598516,148.19633321559175,223.32914091473216,235.32154104274375,0.0,DHK246  ,False,False,False,,12192.0,12077.7,1654476819.869,1654476819.942
1654476830,407c8a,-36.08061218261719,148.1766700744629,220.75882404164216,235.347068848384,0.0,DHK246  ,False,False,False,,12192.0,12077.7,1654476829.698,1654476829.956
1654476840,407c8a,-36.09223937988281,148.15589904785156,218.1885520237988,235.37319809695904,0.0,DHK246  ,False,False,False,,12192.0,12070.08,1654476839.876,1654476839.876
1654476850,407c8a,-36.10304260253906,148.13655853271484,214.61133789666465,235.54806541814213,0.0,DHK246  ,False,False,False,,12192.0,12070.08,1654476849.906,1654476849.906
1654476860,407c8a,-36.11402893066406,148.1169319152832,211.9090940802425,235.3840206876201,0.32512,DHK246  ,False,False,False,,12184.38,12062.46,1654476859.974,1654476859.974
1654476870,407c8a,-36.124676203323645,148.09786532787567,210.47802153422683,235.45541471881,0.65024,DHK246  ,False,False,False,,12184.38,12070.080000000002,1654476869.67,1654476869.67
1654476880,407c8a,-36.13517761230469,148.07905197143555,209.76260906621076,235.4914770123316,0.32512,DHK246  ,False,False,False,,12192.0,12077.7,1654476879.744,1654476879.802
1654476890,407c8a,-36.145857471530746,148.05988068276264,210.18673455209412,235.57092402742245,-0.32512,DHK246  ,False,False,False,,12192.0,12077.7,1654476889.629,1654476889.993
1654476900,407c8a,-36.15661103846662,148.04047929479722,209.47159067575788,235.6074308727748,-0.32512,DHK246  ,False,False,False,,12192.0,12077.7,1654476899.704,1654476899.755
1654476910,407c8a,-36.16740417480469,148.0209732055664,208.7565324230803,235.6441878285044,-0.32512,DHK246  ,False,False,False,,12199.62,12077.7,1654476909.845,1654476909.88
1654476920,407c8a,-36.177978515625,148.00196870844417,207.192600415392,235.52078431387437,-0.32512,DHK246  ,False,False,False,,12192.0,12062.46,1654476919.973,1654476919.973
1654476930,407c8a,-36.18836975097656,147.9833221435547,205.62964415924745,235.39550427208536,-0.32512,DHK246  ,False,False,False,,12192.0,12062.46,1654476929.9,1654476929.9
1654476940,407c8a,-36.1983683957892,147.96538657330453,203.48325025314853,235.5063977879092,0.32512,DHK246  ,False,False,False,,12184.38,12054.84,1654476939.507,1654476939.883
1654476950,407c8a,-36.20851135253906,147.94715881347656,203.0594599422,235.42419337733944,0.32512,DHK246  ,False,False,False,4052.0,12192.0,12062.46,1654476949.423,1654476949.892
1654476960,407c8a,-36.2193603515625,147.92770385742188,202.7679573966117,235.54388395663352,0.0,DHK246  ,False,False,False,4052.0,12192.0,12062.46,1654476959.834,1654476959.882
1654476970,407c8a,-36.22998046875,147.9085922241211,202.7679573966117,235.54388395663352,0.0,DHK246  ,False,False,False,4052.0,12192.0,12062.46,1654476969.985,1654476969.985
1654476980,407c8a,-36.23954772949219,147.8913688659668,202.47734225544505,235.6639186440839,0.0,DHK246  ,False,False,False,4052.0,12192.0,12062.46,1654476979.279,1654476979.897
1654476990,407c8a,-36.24993896484375,147.8726577758789,202.47734225544505,235.6639186440839,0.0,DHK246  ,False,False,False,4052.0,12192.0,12054.84,1654476989.47,1654476989.589
1654477000,407c8a,-36.26069641113281,147.85320281982422,201.76241834348664,235.7021499731285,0.0,DHK246  ,False,False,False,4052.0,12192.0,12062.46,1654476999.879,1654476999.879
1654477010,407c8a,-36.27081298828125,147.83489227294922,201.76241834348664,235.7021499731285,0.32512,DHK246  ,False,False,False,4052.0,12192.0,12062.46,1654477009.893,1654477009.893
1654477020,407c8a,-36.28104517015362,147.81636988863033,201.76241834348664,235.7021499731285,0.0,DHK246  ,False,False,False,4052.0,12192.0,12062.46,1654477019.81,1654477019.81
1654477030,407c8a,-36.29109191894531,147.79827117919922,201.33763484446,235.61965527615516,0.0,DHK246  ,False,False,False,4052.0,12192.0,12062.46,1654477029.655,1654477029.846
1654477040,407c8a,-36.30152893066406,147.77944564819336,201.6285801156879,235.49900602405083,0.0,DHK246  ,False,False,False,4052.0,12192.0,12062.46,1654477039.766,1654477039.817
1654477050,407c8a,-36.31172309487556,147.76108762051197,202.05275194987908,235.5816355209438,0.0,DHK246  ,False,False,False,4052.0,12192.0,12062.46,1654477049.604,1654477049.921
1654477060,407c8a,-36.321778378244176,147.74285499085772,203.1923556838733,235.62595636262628,-0.32512,DHK246  ,False,False,False,4052.0,12192.0,12062.46,1654477059.51,1654477060.0
1654477070,407c8a,-36.332019870564125,147.72438860954122,203.6171691562072,235.707686474794,-0.32512,DHK246  ,False,False,False,4052.0,12192.0,12062.46,1654477069.346,1654477069.755
1654477080,407c8a,-36.342447571835294,147.70551316281583,203.6171691562072,235.707686474794,-0.32512,DHK246  ,False,False,False,4052.0,12192.0,12062.46,1654477079.427,1654477079.941
1654477090,407c8a,-36.3529683775821,147.6865208402593,203.1923556838733,235.62595636262628,0.0,DHK246  ,False,False,False,4052.0,12192.0,12054.84,1654477089.857,1654477089.857
1654477100,407c8a,-36.36309814453125,147.6682090759277,202.90234840532568,235.7458572295779,0.0,DHK246  ,False,False,False,4052.0,12192.0,12062.46,1654477099.458,1654477099.857
1654477110,407c8a,-36.373626708984375,147.64898300170898,202.90234840532568,235.7458572295779,0.32512,DHK246  ,False,False,False,4052.0,12184.38,12054.84,1654477109.739,1654477109.983
1654477120,407c8a,-36.38327388440149,147.63153076171875,202.47734225544505,235.6639186440839,0.32512,DHK246  ,False,False,False,4052.0,12192.0,12062.46,1654477119.385,1654477119.94
1654477130,407c8a,-36.39426021252649,147.61166187042886,202.05275194987908,235.5816355209438,0.0,DHK246  ,False,False,False,4052.0,12192.0,12062.46,1654477129.932,1654477129.932
1654477140,407c8a,-36.4039306640625,147.59422302246094,201.76241834348664,235.7021499731285,0.0,DHK246  ,False,False,False,4052.0,12192.0,12062.46,1654477139.367,1654477139.652
1654477150,407c8a,-36.41432422702599,147.57525504903592,202.1876183452424,235.7842978675626,-0.32512,DHK246  ,False,False,False,4052.0,12192.0,12062.46,1654477149.366,1654477149.93
1654477160,407c8a,-36.4248450327728,147.55608741273272,202.1876183452424,235.7842978675626,-0.32512,DHK246  ,False,False,False,4052.0,12192.0,12062.46,1654477159.875,1654477159.947
1654477170,407c8a,-36.43487548828125,147.53786087036133,202.1876183452424,235.7842978675626,0.0,DHK246  ,False,False,False,4052.0,12192.0,12062.46,1654477169.478,1654477169.996
1654477180,407c8a,-36.44532801741264,147.51932996384642,203.52551573323507,233.7383764520972,0.0,DHK246  ,False,False,False,4052.0,12192.0,12062.46,1654477179.595,1654477179.859
1654477190,407c8a,-36.457305908203125,147.5014686584473,206.0475060902148,227.22592389511405,0.32512,DHK246  ,False,False,False,4052.0,12192.0,12062.46,1654477189.766,1654477189.878
1654477210,407c8a,-36.48609924316406,147.47182846069336,213.1686103127081,213.38326574872983,0.0,DHK246  ,False,False,False,4052.0,12192.0,12070.08,1654477209.674,1654477209.947
1654477220,407c8a,-36.5032855534958,147.45984016580786,217.1831226998337,206.44366199532723,-0.32512,DHK246  ,False,False,False,4052.0,12199.62,12070.08,1654477219.914,1654477219.987
1654477230,407c8a,-36.520184015823645,147.45101604055853,221.30063041396156,199.69862137458023,-0.32512,DHK246  ,False,False,False,4052.0,12192.0,12062.46,1654477229.298,1654477229.962
1654477240,407c8a,-36.539337158203125,147.44367599487305,224.01954111173876,195.3128183608063,0.0,DHK246  ,False,False,False,4052.0,12192.0,12062.46,1654477239.361,1654477239.989
1654477250,407c8a,-36.56025695800781,147.43698120117188,224.7131199814064,193.9089904189447,0.0,DHK246  ,False,False,False,4052.0,12192.0,12054.84,1654477249.996,1654477249.996
1654477260,407c8a,-36.57907259666314,147.4313224630153,224.46801731662651,193.65406494809005,0.0,DHK246  ,False,False,False,4052.0,12192.0,12054.84,1654477259.636,1654477259.937
1654477270,407c8a,-36.59944152832031,147.4251937866211,223.46833903163832,193.71633735892405,0.32512,DHK246  ,False,False,False,4052.0,12192.0,12054.84,1654477269.935,1654477269.977
1654477280,407c8a,-36.61854889433266,147.4193426903258,223.09141506886533,193.87602078849864,0.32512,DHK246  ,False,False,False,4052.0,12192.0,12054.84,1654477279.762,1654477279.975
1654477290,407c8a,-36.63819393869176,147.41332358502328,223.09141506886533,193.87602078849864,0.0,DHK246  ,False,False,False,4052.0,12192.0,12054.84,1654477289.846,1654477289.957
1654477300,407c8a,-36.65766906738281,147.40739822387695,222.96859954531172,193.7476829442828,0.0,DHK246  ,False,False,False,4052.0,12192.0,12047.22,1654477299.812,1654477299.859
1654477310,407c8a,-36.676739191604895,147.40163600191158,222.96859954531172,193.7476829442828,-0.32512,DHK246  ,False,False,False,4052.0,12192.0,12047.22,1654477309.872,1654477309.873
1654477320,407c8a,-36.69638423596399,147.3956753345246,222.4689270934128,193.7791693455109,0.0,DHK246  ,False,False,False,4052.0,12192.0,12047.22,1654477319.798,1654477319.965
1654477330,407c8a,-36.71612548828125,147.3896598815918,221.4697851077259,193.8425683311775,0.0,DHK246  ,False,False,False,4052.0,12192.0,12047.22,1654477329.868,1654477329.998
1654477340,407c8a,-36.73465017545021,147.38398775141292,220.47091674473404,193.90654186828036,0.32512,DHK246  ,False,False,False,4052.0,12192.0,12039.6,1654477339.515,1654477339.79
1654477350,407c8a,-36.75407409667969,147.37804412841797,219.8482317565428,193.8086223858575,0.32512,DHK246  ,False,False,False,4052.0,12192.0,12039.6,1654477349.531,1654477349.927
1654477360,407c8a,-36.77384715969282,147.37206641663897,219.7260123944453,193.67835285025092,0.32512,DHK246  ,False,False,False,4052.0,12192.0,12047.22,1654477359.914,1654477359.937
1654477370,407c8a,-36.79172321901484,147.36669012840758,219.6049301457224,193.5479389880005,0.0,DHK246  ,False,False,False,4052.0,12192.0,12039.6,1654477369.144,1654477369.854
1654477380,407c8a,-36.81207275390625,147.3605918884277,219.4849868922919,193.41738191266992,0.0,DHK246  ,False,False,False,4052.0,12192.0,12039.6,1654477379.98,1654477379.98
1654477390,407c8a,-36.8309326171875,147.35504150390625,219.98542180317665,193.386290866167,-1.6256000000000002,DHK246  ,False,False,False,4052.0,12192.0,12039.6,1654477389.537,1654477389.871
1654477400,407c8a,-36.849773859573645,147.3495093812334,219.98542180317665,193.386290866167,-3.90144,DHK246  ,False,False,False,4052.0,12161.52,12009.12,1654477399.363,1654477399.851
1654477410,407c8a,-36.86876717260327,147.3437964397928,219.22619253458333,193.7101469348769,-2.92608,DHK246  ,False,False,False,4052.0,12123.42,11963.4,1654477409.205,1654477409.99
1654477420,407c8a,-36.888272560248936,147.33788531759512,218.1048421549168,193.64291477599008,-4.55168,DHK246  ,False,False,False,4052.0,12092.94,11932.92,1654477419.605,1654477419.765
1654477430,407c8a,-36.90751647949219,147.33209488239694,217.9840734967193,193.5115114462258,-6.1772800000000005,DHK246  ,False,False,False,4052.0,12031.98,11871.96,1654477429.524,1654477429.928
1654477440,407c8a,-36.92635229078394,147.32660044794497,217.6286619684516,193.11643612539143,-5.52704,DHK246  ,False,False,False,4052.0,11978.64,11811.000000000002,1654477439.666,1654477439.852
1654477450,407c8a,-36.946380615234375,147.32087480260972,217.2836313886954,192.720087207481,-5.20192,DHK246  ,False,False,False,4052.0,11925.3,11750.04,1654477449.858,1654477449.868
1654477460,407c8a,-36.96405960341633,147.31591266134512,216.89595984556271,192.88257185480697,-5.8521600000000005,DHK246  ,False,False,False,4052.0,11871.96,11696.7,1654477459.365,1654477459.937
1654477470,407c8a,-36.98323912539723,147.31041949728262,216.51003887975727,193.0456370629486,-7.477760000000001,DHK246  ,False,False,False,4052.0,11803.38,11620.500000000002,1654477469.425,1654477469.818
1654477480,407c8a,-37.002227783203125,147.3048628137467,216.7446044202767,193.3106016980704,-8.45312,DHK246  ,False,False,False,4052.0,11727.18,11544.3,1654477479.619,1654477479.691
1654477490,407c8a,-37.022017139499496,147.2989555027174,218.6048045914325,193.6111113536069,-11.3792,DHK246  ,False,False,False,4052.0,11620.5,11445.240000000002,1654477489.835,1654477489.973
1654477500,407c8a,-37.04138287043168,147.2929846722147,220.59512284838615,194.03624346792648,-10.40384,DHK246  ,False,False,False,4052.0,11506.2,11323.32,1654477499.98,1654477499.987
1654477510,407c8a,-37.06050109863281,147.28703924950133,221.5934313329108,193.97172122097487,-7.152640000000001,DHK246  ,False,False,False,4052.0,11422.38,11231.88,1654477509.797,1654477509.858
1654477520,407c8a,-37.08020743677173,147.28086388629416,221.34547198621885,194.26232485183525,-4.55168,DHK246  ,False,False,False,4052.0,11369.04,11170.92,1654477519.97,1654477519.97
1654477530,407c8a,-37.09904479980469,147.2748257251496,220.47631846510333,194.45776678166345,-4.55168,DHK246  ,False,False,False,4052.0,11323.32,11125.2,1654477529.857,1654477529.904
1654477540,407c8a,-37.11763000488281,147.26880661984708,219.14650201671995,195.24332216636773,-3.2512000000000003,DHK246  ,False,False,False,4052.0,11285.22,11079.48,1654477539.495,1654477539.768
1654477550,407c8a,-37.13603210449219,147.26150188040228,215.01605319403177,200.29933103931225,-2.60096,DHK246  ,False,False,False,4052.0,11247.12,11041.38,1654477549.466,1654477549.794
1654477560,407c8a,-37.154388427734375,147.25139212101064,210.74127977349485,206.69015093355253,-4.8768,DHK246  ,False,False,False,4052.0,11209.02,11003.28,1654477559.822,1654477559.929
1654477570,407c8a,-37.17023946471136,147.23972486413044,207.458752076749,213.5718508171585,-6.502400000000001,DHK246  ,False,False,False,4052.0,11155.68,10949.94,1654477569.96,1654477569.962
1654477580,407c8a,-37.18464660644531,147.2259716277427,204.8501538403945,220.00822412971283,-6.502400000000001,DHK246  ,False,False,False,4052.0,11094.72,10888.98,1654477579.526,1654477579.746
1654477590,407c8a,-37.197509765625,147.21013495262633,202.12936186543573,227.78516642211437,-6.827520000000001,DHK246  ,False,False,False,4052.0,11033.76,10828.02,1654477589.264,1654477589.984
1654477600,407c8a,-37.208784717624496,147.1924358865489,200.5256255769732,234.92368594536177,-7.80288,DHK246  ,False,False,False,4052.0,10957.56,10744.2,1654477599.325,1654477599.752
1654477610,407c8a,-37.21842956542969,147.1724424970911,199.0605809731992,242.1104269106308,-8.128,DHK246  ,False,False,False,4052.0,10881.36,10668.000000000002,1654477609.8,1654477609.8
1654477620,407c8a,-37.225616455078125,147.15181391289894,198.09567862626048,249.63552050265832,-7.477760000000001,DHK246  ,False,False,False,4052.0,10797.54,10584.18,1654477619.819,1654477619.876
1654477630,407c8a,-37.23043150820973,147.13093633237094,196.89432629295808,256.3994574833412,-4.55168,DHK246  ,False,False,False,4052.0,10744.2,10523.22,1654477629.679,1654477629.951
1654477640,407c8a,-37.23298645019531,147.10909579662567,192.0799149380057,265.08343399399,-1.30048,DHK246  ,False,False,False,4052.0,10706.1,10477.5,1654477639.774,1654477639.9
1654477650,407c8a,-37.23317809024098,147.0886628524117,188.54004133780205,272.97170348748085,0.32512,DHK246  ,False,False,False,4052.0,10698.48,10469.88,1654477649.447,1654477649.996
1654477660,407c8a,-37.23106384277344,147.066962059508,188.8857351252978,280.5142089212809,0.32512,DHK246  ,False,False,False,4052.0,10706.1,10477.5,1654477659.934,1654477659.967
1654477670,407c8a,-37.22721862792969,147.04633347531583,188.1627718912912,284.5681518691544,0.32512,DHK246  ,False,False,False,4052.0,10706.1,10477.5,1654477669.796,1654477669.88
1654477680,407c8a,-37.22284349344545,147.02644679857335,185.49469607473625,285.7707807325368,-0.97536,DHK246  ,False,False,False,4052.0,10706.1,10469.88,1654477679.449,1654477679.975
1654477690,407c8a,-37.21815490722656,147.00571912400267,183.37457226333723,285.7908411865483,-8.128,DHK246  ,False,False,False,4052.0,10660.38,10439.4,1654477689.971,1654477689.981
1654477700,407c8a,-37.21376037597656,146.98614242229056,182.4645191408697,285.3684633217961,-10.07872,DHK246  ,False,False,False,4052.0,10561.32,10332.72,1654477699.87,1654477699.95
1654477710,407c8a,-37.2095761056674,146.96679820185122,181.0674801006432,284.98384741561966,-8.77824,DHK246  ,False,False,False,4052.0,10469.88,10248.9,1654477709.772,1654477709.953
1654477720,407c8a,-37.20552062988281,146.94757339802194,179.18092643575534,284.63471522027766,-7.477760000000001,DHK246  ,False,False,False,4052.0,10386.06,10149.840000000002,1654477719.384,1654477719.816
1654477730,407c8a,-37.20138291181144,146.92774897036347,178.0556010203498,284.5581947848013,-7.80288,DHK246  ,False,False,False,4052.0,10309.86,10073.64,1654477729.626,1654477729.81
1654477740,407c8a,-37.19737243652344,146.9084784325133,177.05993658135174,284.64188454123337,-5.52704,DHK246  ,False,False,False,4052.0,10241.28,10012.68,1654477739.531,1654477739.983
1654477750,407c8a,-37.19325256347656,146.88878485497008,175.56715826953737,284.76919853029165,-5.52704,DHK246  ,False,False,False,4052.0,10187.94,9951.72,1654477749.861,1654477749.92
1654477760,407c8a,-37.18937243445447,146.87042899753737,175.43671838586204,284.606737354447,-5.52704,DHK246  ,False,False,False,4052.0,10134.6,9906.0,1654477759.337,1654477759.863
1654477770,407c8a,-37.185508598715614,146.85197913128397,174.93894956641196,284.6492277062296,-5.52704,DHK246  ,False,False,False,4052.0,10081.26,9845.04,1654477769.376,1654477769.947
1654477780,407c8a,-37.181396484375,146.83221695270944,174.93894956641196,284.6492277062296,-6.502400000000001,DHK246  ,False,False,False,4052.0,10020.3,9791.7,1654477779.885,1654477779.886
1654477790,407c8a,-37.17723083496094,146.81264025099736,174.20824016364017,285.06220434952473,-6.502400000000001,DHK246  ,False,False,False,4052.0,9959.34,9730.740000000002,1654477789.96,1654477789.982
1654477800,407c8a,-37.17326536016952,146.79412178371263,173.94370303627898,284.73493785090994,-5.20192,DHK246  ,False,False,False,4052.0,9898.38,9662.160000000002,1654477799.709,1654477799.954
1654477810,407c8a,-37.16935497219282,146.77543308423913,173.31571786645648,284.61371917104736,-6.827520000000001,DHK246  ,False,False,False,4052.0,9845.04,9616.44,1654477809.621,1654477809.892
1654477820,407c8a,-37.16542053222656,146.75694891747008,174.07526168532314,284.8986954344003,-6.827520000000001,DHK246  ,False,False,False,4052.0,9768.84,9532.62,1654477819.404,1654477819.76
1654477830,407c8a,-37.1612548828125,146.73727947732678,174.07526168532314,284.8986954344003,-4.55168,DHK246  ,False,False,False,4052.0,9707.88,9479.28,1654477829.927,1654477829.963
1654477840,407c8a,-37.157318115234375,146.7187889586104,173.94370303627898,284.73493785090994,-5.20192,DHK246  ,False,False,False,4052.0,9669.78,9441.18,1654477839.547,1654477839.876
1654477850,407c8a,-37.15324789790788,146.69948412024456,174.07526168532314,284.8986954344003,-5.52704,DHK246  ,False,False,False,4052.0,9616.44,9387.84,1654477849.772,1654477849.951
1654477860,407c8a,-37.14949035644531,146.68191463389297,173.57816269331784,284.94235566206595,-3.90144,DHK246  ,False,False,False,4052.0,9563.1,9334.5,1654477859.164,1654477859.98
1654477870,407c8a,-37.1455667786679,146.66353972061822,173.08116507124737,284.98626665354493,-4.22656,DHK246  ,False,False,False,4052.0,9525.0,9304.02,1654477868.944,1654477869.661
1654477880,407c8a,-37.141204833984375,146.64305342004656,172.45157361204505,284.86535750773976,-4.55168,DHK246  ,False,False,False,4052.0,9486.9,9258.3,1654477879.829,1654477879.965
1654477890,407c8a,-37.13722229003906,146.62417797332114,171.3253000722445,284.7873468563089,-2.92608,DHK246  ,False,False,False,4052.0,9448.8,9220.2,1654477889.855,1654477889.938
1654477900,407c8a,-37.13360595703125,146.60577002992022,169.9145529742707,282.05840957955365,-3.2512000000000003,DHK246  ,False,False,False,4052.0,9418.32,9189.72,1654477899.977,1654477899.985
1654477910,407c8a,-37.13127524165788,146.58776988153872,168.78546223933128,276.47518660099126,-3.90144,DHK246  ,False,False,False,4052.0,9380.22,9151.62,1654477909.488,1654477909.817
1654477920,407c8a,-37.13034419690149,146.56776759935462,167.72846845358703,270.8787007279117,-3.90144,DHK246  ,False,False,False,4052.0,9334.5,9105.9,1654477919.931,1654477919.99
1654477930,407c8a,-37.13094937599311,146.54913860818615,167.77027662589742,265.2509485252847,-4.55168,DHK246  ,False,False,False,4052.0,9288.78,9067.8,1654477929.956,1654477929.956
1654477940,407c8a,-37.13301086425781,146.5304435567653,168.4087260249879,259.616880657095,-5.20192,DHK246  ,False,False,False,4052.0,9243.06,9029.7,1654477939.86,1654477939.921
1654477950,407c8a,-37.13662874900689,146.51205975076428,169.3138292875438,253.7676493388438,-5.20192,DHK246  ,False,False,False,4052.0,9189.72,8976.36,1654477949.884,1654477949.884
1654477960,407c8a,-37.141470181739976,146.49420696756115,169.7049314404524,250.52142757581043,-4.22656,DHK246  ,False,False,False,4052.0,9151.62,8930.640000000001,1654477959.688,1654477959.948
1654477970,407c8a,-37.146404718948645,146.47647360096806,168.5430348633301,251.1226215190385,-8.77824,DHK246  ,False,False,False,4052.0,9090.66,8877.3,1654477969.948,1654477969.995
1654477980,407c8a,-37.15132141113281,146.45856492062833,168.39301039169268,250.73473569082,-9.42848,DHK246  ,False,False,False,4052.0,8999.220000000001,8785.86,1654477979.63,1654477979.964
1654477990,407c8a,-37.15640258789063,146.4405660426363,167.59350682590207,250.45265156078017,-9.42848,DHK246  ,False,False,False,4052.0,8907.78,8686.800000000001,1654477989.676,1654477989.967
1654478000,407c8a,-37.16157531738281,146.42274247839097,166.79810441945077,250.1678701497816,-9.42848,DHK246  ,False,False,False,4052.0,8808.720000000001,8595.36,1654477999.761,1654477999.939
1654478010,407c8a,-37.16647338867188,146.4056786070479,166.31426332933137,250.10774294664455,-11.05408,DHK246  ,False,False,False,4052.0,8709.66,8488.68,1654478009.608,1654478009.993
1654478020,407c8a,-37.17132568359375,146.38873161153592,167.59350682590207,250.45265156078017,-13.32992,DHK246  ,False,False,False,4052.0,8580.12,8359.140000000001,1654478019.556,1654478019.918
1654478030,407c8a,-37.1766171212924,146.37007340140966,167.28212813783813,250.2276494674286,-6.502400000000001,DHK246  ,False,False,False,4052.0,8473.44,8260.08,1654478029.751,1654478029.996
1654478040,407c8a,-37.1816447629767,146.35269828464675,164.20436811791828,250.0322296071537,-6.502400000000001,DHK246  ,False,False,False,4052.0,8420.1,8206.74,1654478039.585,1654478039.869
1654478050,407c8a,-37.18643964347194,146.33603966754416,161.57227482029265,250.4688910670341,-11.70432,DHK246  ,False,False,False,4052.0,8321.04,8122.92,1654478049.295,1654478049.88
1654478060,407c8a,-37.19146728515625,146.318127176036,160.2598340024821,250.69259405417597,-10.72896,DHK246  ,False,False,False,4052.0,8206.74,8001.0,1654478059.74,1654478059.782
1654478070,407c8a,-37.1962156134137,146.3014088506284,158.00802218496003,250.2081443266693,-11.3792,DHK246  ,False,False,False,4052.0,8100.06,7901.94,1654478069.736,1654478069.983
1654478080,407c8a,-37.20110359838452,146.28463081691575,157.52406326587493,250.1447856306789,-14.305280000000002,DHK246  ,False,False,False,4052.0,7962.900000000001,7772.400000000001,1654478079.823,1654478079.914
1654478090,407c8a,-37.20597839355469,146.26753137466756,158.8041215786588,250.50848649788335,-9.7536,DHK246  ,False,False,False,4052.0,7848.6,7658.1,1654478089.958,1654478089.958
1654478100,407c8a,-37.21064680713721,146.25101504118547,158.8041215786588,250.50848649788335,-8.77824,DHK246  ,False,False,False,4052.0,7757.160000000001,7566.660000000001,1654478099.72,1654478099.971
1654478110,407c8a,-37.21544168763245,146.23423700747284,158.49217314136547,250.27111601172507,-8.77824,DHK246  ,False,False,False,4052.0,7673.34,7482.84,1654478109.845,1654478109.985
1654478120,407c8a,-37.22014346365205,146.21763809867528,157.83457156330385,250.38386226375133,-8.77824,DHK246  ,False,False,False,4052.0,7589.52,7399.02,1654478119.823,1654478119.94
1654478130,407c8a,-37.22493834414723,146.2007406483526,157.17758626657724,250.49755149333777,-8.45312,DHK246  ,False,False,False,4052.0,7498.08,7307.58,1654478129.828,1654478129.967
1654478140,407c8a,-37.22969055175781,146.18408203125,156.86577750359385,250.2576980822979,-8.45312,DHK246  ,False,False,False,4052.0,7414.26,7239.0,1654478139.79,1654478139.969
1654478150,407c8a,-37.23431396484375,146.1678947286403,155.723651880832,250.30797876126348,-8.45312,DHK246  ,False,False,False,4052.0,7330.44,7147.56,1654478149.462,1654478149.797
1654478160,407c8a,-37.23918332891952,146.1507050887398,155.06625656605485,250.42289419046915,-8.128,DHK246  ,False,False,False,4052.0,7246.620000000001,7071.360000000001,1654478159.894,1654478159.894
1654478170,407c8a,-37.243792000463486,146.13452413807744,154.4094903373271,250.5387876531012,-8.128,DHK246  ,False,False,False,4052.0,7162.8,6987.54,1654478169.847,1654478169.955
1654478180,407c8a,-37.24844722424524,146.1179849375849,153.92453336220078,250.47498817886495,-8.128,DHK246  ,False,False,False,4052.0,7078.9800000000005,6903.72,1654478179.971,1654478179.971
1654478190,407c8a,-37.25299072265625,146.1019767598903,153.92453336220078,250.47498817886495,-8.128,DHK246  ,False,False,False,4052.0,6995.160000000001,6827.52,1654478189.657,1654478189.962
1654478200,407c8a,-37.257568359375,146.08584789519614,153.43976844536652,250.4107854990367,-8.45312,DHK246  ,False,False,False,4052.0,6918.96,6751.32,1654478199.658,1654478199.988
1654478210,407c8a,-37.26214599609375,146.06977746841756,152.78293930417863,250.52786070403332,-8.128,DHK246  ,False,False,False,4052.0,6835.14,6667.5,1654478209.57,1654478209.9
1654478220,407c8a,-37.26681518554688,146.0531226624834,152.1267535800246,250.64594639336372,-8.45312,DHK246  ,False,False,False,4052.0,6751.320000000001,6583.68,1654478219.944,1654478219.98
1654478230,407c8a,-37.27125549316406,146.03734442528258,150.9855892743303,250.7007407595829,-8.128,DHK246  ,False,False,False,4052.0,6667.5,6507.48,1654478229.721,1654478229.955
1654478240,407c8a,-37.27586649231995,146.02089923361075,150.5001503806709,250.63601185765592,-8.128,DHK246  ,False,False,False,4052.0,6583.68,6423.66,1654478239.9,1654478239.982
1654478250,407c8a,-37.28024240267479,146.0054347826087,149.52985445239676,250.5052936430796,-8.128,DHK246  ,False,False,False,4052.0,6507.4800000000005,6347.46,1654478249.835,1654478249.967
1654478260,407c8a,-37.28485107421875,145.98907470703125,149.52985445239676,250.5052936430796,-7.80288,DHK246  ,False,False,False,4052.0,6423.660000000001,6271.26,1654478259.973,1654478259.973
1654478270,407c8a,-37.2891804323358,145.97372967263928,149.04500120573508,250.43929646747563,-7.80288,DHK246  ,False,False,False,4052.0,6347.46,6195.06,1654478269.672,1654478269.942
1654478280,407c8a,-37.29369599940412,145.957787555197,148.87355180485997,250.6258602313424,-7.80288,DHK246  ,False,False,False,4052.0,6271.26,6118.860000000001,1654478279.917,1654478279.983
1654478290,407c8a,-37.298126220703125,145.94203218500667,148.21791420725845,250.74749400771665,-7.80288,DHK246  ,False,False,False,4052.0,6187.4400000000005,6035.040000000001,1654478289.764,1654478289.826
1654478300,407c8a,-37.30282023801641,145.92626157014266,147.88542630669068,247.71743571760496,-7.80288,DHK246  ,False,False,False,4052.0,6111.240000000001,5958.840000000001,1654478299.967,1654478299.967
1654478310,407c8a,-37.30833435058594,145.91164446891622,147.71711011130049,242.6317895711117,-8.128,DHK246  ,False,False,False,4052.0,6035.04,5882.64,1654478309.421,1654478309.98
1654478320,407c8a,-37.31520313327599,145.8966462508492,147.61674540908572,238.24860454607935,-7.80288,DHK246  ,False,False,False,4052.0,5958.84,5806.4400000000005,1654478319.832,1654478319.888
1654478330,407c8a,-37.322296142578125,145.88300989029256,147.1075983233046,236.69893760880265,-7.80288,DHK246  ,False,False,False,4052.0,5882.64,5730.240000000001,1654478329.792,1654478329.81
1654478340,407c8a,-37.32930846133473,145.86953868036684,146.54522252147922,237.03515677307945,-7.477760000000001,DHK246  ,False,False,False,4052.0,5806.4400000000005,5654.040000000001,1654478339.495,1654478339.82
1654478350,407c8a,-37.33680725097656,145.85519344248672,146.39525233911542,236.7566741380356,-9.42848,DHK246  ,False,False,False,4052.0,5722.62,5570.22,1654478349.937,1654478349.937
1654478360,407c8a,-37.344158625198645,145.84117723547894,148.96241032524924,236.69409382121995,-17.881600000000002,DHK246  ,False,False,False,4052.0,5577.84,5425.4400000000005,1654478359.825,1654478359.893
1654478370,407c8a,-37.35156043101165,145.8272054921026,153.66813426110417,236.4695303328669,-15.280640000000002,DHK246  ,False,False,False,4052.0,5402.58,5257.8,1654478369.848,1654478369.937
1654478380,407c8a,-37.35905456542969,145.81300126745347,154.81003887561283,236.5211601973042,-10.07872,DHK246  ,False,False,False,4052.0,5280.66,5135.88,1654478379.646,1654478380.0
1654478390,407c8a,-37.366783012778114,145.79830667246944,153.5328792946787,236.89564959292008,-9.7536,DHK246  ,False,False,False,4052.0,5189.22,5044.4400000000005,1654478389.615,1654478389.933
1654478400,407c8a,-37.37432447530455,145.78379755434784,153.8144545686193,236.73512525859917,-11.05408,DHK246  ,False,False,False,4052.0,5090.16,4937.76,1654478399.754,1654478399.867
1654478410,407c8a,-37.38214525125795,145.7689898947011,155.09441467109974,236.36264246790188,-6.827520000000001,DHK246  ,False,False,False,4052.0,4991.1,4838.700000000001,1654478409.864,1654478409.929
1654478420,407c8a,-37.38977981826008,145.7545404848845,154.52685241220937,236.68026014856636,-3.5763200000000004,DHK246  ,False,False,False,4052.0,4945.38,4792.9800000000005,1654478419.804,1654478419.972
1654478430,407c8a,-37.39741438526221,145.7400313667629,154.81003887561283,236.5211601973042,-6.502400000000001,DHK246  ,False,False,False,4052.0,4892.04,4747.26,1654478429.783,1654478429.821
1654478440,407c8a,-37.4053282656912,145.72498487389606,154.95698883522533,236.7847485062628,-5.20192,DHK246  ,False,False,False,4052.0,4831.08,4693.92,1654478439.987,1654478439.987
1654478450,407c8a,-37.41259041479077,145.71107283882472,155.3876377534385,236.888658039628,-5.20192,DHK246  ,False,False,False,4052.0,4785.360000000001,4640.580000000001,1654478449.581,1654478449.866
1654478460,407c8a,-37.420271534030746,145.69620547087297,155.3876377534385,236.888658039628,-4.8768,DHK246  ,False,False,False,4052.0,4732.02,4594.860000000001,1654478459.601,1654478459.957
1654478470,407c8a,-37.42799920550851,145.68139781122622,155.3876377534385,236.888658039628,-4.8768,DHK246  ,False,False,False,4052.0,4686.3,4549.14,1654478469.892,1654478469.995
1654478480,407c8a,-37.43554066803495,145.66688869310462,154.95698883522533,236.7847485062628,-5.52704,DHK246  ,False,False,False,4052.0,4640.58,4503.42,1654478479.648,1654478479.917
1654478490,407c8a,-37.44345454846399,145.65184220023778,154.95698883522533,236.7847485062628,-4.55168,DHK246  ,False,False,False,4052.0,4587.24,4450.08,1654478489.943,1654478489.943
1654478500,407c8a,-37.4508098020392,145.63769133194634,154.24486183156634,236.8399430681781,-3.90144,DHK246  ,False,False,False,4052.0,4549.14,4411.9800000000005,1654478499.71,1654478499.993
1654478510,407c8a,-37.458723682468246,145.62276425568953,153.70257510027014,235.08653168465375,-4.22656,DHK246  ,False,False,False,4052.0,4503.42,4373.88,1654478509.964,1654478509.964
1654478520,407c8a,-37.46677721961072,145.60897163722825,152.58533921377023,233.3619113908088,-7.80288,DHK246  ,False,False,False,4052.0,4442.46,4312.92,1654478519.924,1654478519.944
1654478530,407c8a,-37.47511007018011,145.59511931046197,152.07020330723464,232.9750397299929,-8.77824,DHK246  ,False,False,False,4052.0,4358.64,4229.1,1654478529.895,1654478529.978
1654478540,407c8a,-37.48311705508473,145.5818043584409,152.07020330723464,232.9750397299929,-8.77824,DHK246  ,False,False,False,4052.0,4274.820000000001,4145.280000000001,1654478539.697,1654478539.947
1654478550,407c8a,-37.491485595703125,145.5678542116855,151.76098000000002,233.130102354156,-8.45312,DHK246  ,False,False,False,4052.0,4191.0,4061.46,1654478549.914,1654478549.961
1654478560,407c8a,-37.499267578125,145.55470568068486,151.14588846425383,233.4421252982226,-8.77824,DHK246  ,False,False,False,4052.0,4107.18,3985.26,1654478559.455,1654478559.977
1654478570,407c8a,-37.50778198242188,145.54015463971078,150.5353160217562,233.75668876978807,-8.45312,DHK246  ,False,False,False,4052.0,4015.74,3901.44,1654478569.924,1654478569.924
1654478580,407c8a,-37.51570362155724,145.52663388459578,149.51303947348998,233.95813236286227,-8.45312,DHK246  ,False,False,False,4052.0,3931.92,3817.62,1654478579.946,1654478579.946
1654478590,407c8a,-37.52357482910156,145.51303944689164,148.49263652358022,234.1623470457217,-8.128,DHK246  ,False,False,False,4052.0,3855.72,3733.8,1654478589.958,1654478589.981
1654478600,407c8a,-37.5311279296875,145.49989091589097,147.35745286666207,234.09027692082236,-8.128,DHK246  ,False,False,False,4052.0,3771.9,3657.6,1654478599.708,1654478599.943
1654478610,407c8a,-37.53913879394531,145.48598269198803,146.94109278231383,233.9726266148964,-8.45312,DHK246  ,False,False,False,4052.0,3688.08,3573.78,1654478609.902,1654478609.997
1654478620,407c8a,-37.54694017313295,145.4725978685462,146.1102471740276,233.7353169514008,-8.128,DHK246  ,False,False,False,4052.0,3604.26,3497.58,1654478619.898,1654478619.929
1654478630,407c8a,-37.55461120605469,145.45939344040892,145.920841313933,234.18054195762616,-8.45312,DHK246  ,False,False,False,4052.0,3528.0600000000004,3421.380000000001,1654478629.727,1654478629.964
1654478640,407c8a,-37.56206965042372,145.4465053392493,145.50400809940805,234.0619882988921,-7.80288,DHK246  ,False,False,False,4052.0,3444.24,3337.5600000000004,1654478639.485,1654478639.918
1654478650,407c8a,-37.5699462890625,145.43274575091422,143.34906134769324,234.1993897297561,-4.55168,DHK246  ,False,False,False,4052.0,3383.28,3276.6000000000004,1654478649.95,1654478649.989
1654478660,407c8a,-37.57743188890362,145.41969631029212,141.07870489259847,234.0494305628789,-5.8521600000000005,DHK246  ,False,False,False,4052.0,3329.94,3230.88,1654478659.997,1654478659.997
1654478670,407c8a,-37.58455438128976,145.40739639945653,139.94389788791793,233.9726266148964,-7.80288,DHK246  ,False,False,False,4052.0,3268.98,3162.3,1654478669.541,1654478669.942
1654478680,407c8a,-37.59205627441406,145.39441047830786,139.94389788791793,233.9726266148964,-8.45312,DHK246  ,False,False,False,4052.0,3185.1600000000003,3078.4800000000005,1654478679.637,1654478679.983
1654478690,407c8a,-37.59938049316406,145.38172945063167,139.94389788791793,233.9726266148964,-8.128,DHK246  ,False,False,False,4052.0,3101.34,3002.28,1654478689.552,1654478689.941
1654478700,407c8a,-37.60694600768011,145.36864570949388,139.6419362776441,234.1433340119039,-7.80288,DHK246  ,False,False,False,4052.0,3025.1400000000003,2926.0800000000004,1654478699.793,1654478699.978
1654478710,407c8a,-37.614532470703125,145.3554908265459,139.6419362776441,234.1433340119039,-8.128,DHK246  ,False,False,False,4052.0,2941.32,2842.26,1654478709.985,1654478709.992
1654478720,407c8a,-37.62158203125,145.3432188642786,139.6419362776441,234.1433340119039,-8.45312,DHK246  ,False,False,False,4052.0,2857.5,2758.44,1654478719.652,1654478719.938
1654478730,407c8a,-37.629104872881385,145.33019356105638,139.22531329890737,234.01932243138168,-8.128,DHK246  ,False,False,False,4052.0,2773.6800000000003,2674.6200000000003,1654478729.854,1654478729.872
1654478740,407c8a,-37.63622736526747,145.31783394191575,139.22531329890737,234.01932243138168,-8.45312,DHK246  ,False,False,False,4052.0,2697.48,2606.04,1654478739.554,1654478739.994
1654478750,407c8a,-37.64373779296875,145.30488359167222,138.39404167294313,233.7690622531476,-7.80288,DHK246  ,False,False,False,4052.0,2613.6600000000003,2522.2200000000003,1654478749.697,1654478749.998
1654478760,407c8a,-37.65106201171875,145.29226100191158,137.6750569228875,233.8152210232232,-8.128,DHK246  ,False,False,False,4052.0,2529.84,2446.02,1654478759.717,1654478759.931
1654478770,407c8a,-37.658294677734375,145.2798137258976,137.3719611876546,233.9884018841875,-8.45312,DHK246  ,False,False,False,4052.0,2453.6400000000003,2354.58,1654478769.652,1654478769.99
1654478780,407c8a,-37.66546217061705,145.2673804241678,136.65340890173687,234.03605950291623,-4.22656,DHK246  ,False,False,False,4052.0,2377.44,2286.0,1654478779.512,1654478779.999
1654478790,407c8a,-37.67262268066406,145.2549191738697,132.64477407805992,234.152339049402,-1.6256000000000002,DHK246  ,False,False,False,4052.0,2354.58,2263.14,1654478789.585,1654478789.962
1654478800,407c8a,-37.67966060315149,145.24266118588656,129.65621852699053,234.03948280335516,-3.2512000000000003,DHK246  ,False,False,False,4052.0,2331.7200000000003,2240.28,1654478799.861,1654478799.948
1654478810,407c8a,-37.68636412539723,145.23119719132134,127.3869718931374,233.87055585675915,-1.95072,DHK246  ,False,False,False,4052.0,2301.24,2209.8,1654478809.541,1654478809.964
1654478820,407c8a,-37.69308471679688,145.21944735912567,125.6476155199525,234.1623470457217,-1.95072,DHK246  ,False,False,False,4052.0,2286.0,2194.56,1654478819.704,1654478819.994
1654478830,407c8a,-37.69981384277344,145.20764290018286,123.49335105163355,234.323591778138,-3.5763200000000004,DHK246  ,False,False,False,4052.0,2255.52,2164.08,1654478829.99,1654478829.99
1654478840,407c8a,-37.706055721994176,145.19668579101562,122.35766927423684,234.2382929312931,-5.8521600000000005,DHK246  ,False,False,False,4052.0,2209.8,2125.98,1654478839.803,1654478839.994
1654478850,407c8a,-37.71266613976434,145.1852217964504,120.80564796844386,234.00850374202517,-5.8521600000000005,DHK246  ,False,False,False,4052.0,2148.84,2065.02,1654478849.973,1654478849.973
1654478860,407c8a,-37.71871948242188,145.17474235372342,117.51527067128602,234.08327169044847,-6.1772800000000005,DHK246  ,False,False,False,4052.0,2087.88,2004.06,1654478859.594,1654478859.987
1654478870,407c8a,-37.72476972159694,145.16420447308084,114.64254976021292,234.3128812857844,-5.20192,DHK246  ,False,False,False,4052.0,2034.54,1950.7200000000005,1654478869.587,1654478869.966
1654478880,407c8a,-37.73085021972656,145.15352939037567,113.50691296832431,234.22082404063792,-5.8521600000000005,DHK246  ,False,False,False,4052.0,1973.58,1889.76,1654478879.87,1654478879.992
1654478890,407c8a,-37.73696640790519,145.14294831649116,112.3715751156224,234.12690636188316,-5.52704,DHK246  ,False,False,False,4052.0,1912.62,1836.42,1654478889.869,1654478889.954
1654478900,407c8a,-37.7427978515625,145.1327839303524,111.95511831033436,233.9726266148964,-5.20192,DHK246  ,False,False,False,4052.0,1859.28,1783.0800000000002,1654478899.895,1654478899.961
1654478910,407c8a,-37.74855791512186,145.122766909392,111.23654535549252,234.03107179644064,-5.52704,DHK246  ,False,False,False,4052.0,1805.94,1729.74,1654478909.688,1654478909.978
1654478920,407c8a,-37.75456315380035,145.11231795601222,111.65331206664352,234.1861261601535,-5.52704,DHK246  ,False,False,False,4052.0,1752.6,1676.4,1654478919.915,1654478919.931
1654478930,407c8a,-37.76052184024098,145.1019287109375,112.3715751156224,234.12690636188316,-5.8521600000000005,DHK246  ,False,False,False,4052.0,1691.64,1615.44,1654478929.888,1654478929.938
1654478940,407c8a,-37.7662353515625,145.091935827377,111.65331206664352,234.1861261601535,-4.22656,DHK246  ,False,False,False,4052.0,1638.3000000000002,1562.1,1654478939.621,1654478939.998
1654478950,407c8a,-37.77211334745766,145.08168759553328,111.95511831033436,233.9726266148964,-2.92608,DHK246  ,False,False,False,4052.0,1607.8200000000002,1531.62,1654478949.602,1654478949.949
1654478960,407c8a,-37.77827453613281,145.0709566156915,112.07089039325194,234.34002617280527,-3.90144,DHK246  ,False,False,False,4052.0,1569.72,1493.52,1654478959.974,1654478959.992
1654478970,407c8a,-37.78379795914992,145.06120764690897,111.35306453025832,234.40078004102384,-4.8768,DHK246  ,False,False,False,4052.0,1524.0,1455.42,1654478969.511,1654478969.878
1654478980,407c8a,-37.7896728515625,145.05102928648606,110.51808964999654,234.09027692082236,-0.97536,DHK246  ,False,False,False,4052.0,1485.9,1409.7,1654478979.572,1654478979.967
1654478990,407c8a,-37.79566955566406,145.04056889960108,110.51808964999654,234.09027692082236,-3.5763200000000004,DHK246  ,False,False,False,4052.0,1478.28,1402.08,1654478989.83,1654478989.997
1654479000,407c8a,-37.80152893066406,145.0304007022939,108.664650895132,234.05239792362173,-3.90144,DHK246  ,False,False,False,4052.0,1432.5600000000002,1356.36,1654478999.886,1654478999.942
1654479010,407c8a,-37.80702752582101,145.02078512440556,106.62899043089404,234.62299419154945,-3.5763200000000004,DHK246  ,False,False,False,4052.0,1394.46,1325.88,1654479009.639,1654479009.991
1654479020,407c8a,-37.81186895855405,145.01045558763587,103.7622198033116,243.8160681209432,-3.5763200000000004,DHK246  ,False,False,False,4052.0,1363.98,1287.78,1654479019.698,1654479019.993
1654479030,407c8a,-37.81517028808594,144.99937016913233,105.30029061171196,253.24713315226305,-5.20192,DHK246  ,False,False,False,4052.0,1318.26,1249.68,1654479029.8,1654479029.813
1654479040,407c8a,-37.817362122616544,144.98776643172553,103.2290565304219,257.626045371946,-1.30048,DHK246  ,False,False,False,4052.0,1280.16,1211.5800000000002,1654479039.859,1654479039.985
1654479050,407c8a,-37.81929016113281,144.9768715716423,98.2103103999856,256.9828878109225,0.32512,DHK246  ,False,False,False,4052.0,1280.16,1203.96,1654479049.613,1654479049.961
1654479060,407c8a,-37.8211669921875,144.9664696226729,92.85108532879052,257.19573393471325,0.32512,DHK246  ,False,False,False,4052.0,1287.78,1211.58,1654479059.538,1654479059.996
1654479070,407c8a,-37.82295227050781,144.95612611161903,88.49782626721206,257.5795700547434,-2.92608,DHK246  ,False,False,False,4052.0,1272.54,1203.96,1654479069.877,1654479069.984
1654479080,407c8a,-37.82453116724048,144.94668711786684,85.55561008281975,258.55493622107895,-4.22656,DHK246  ,False,False,False,4052.0,1242.0600000000002,1173.4800000000002,1654479079.631,1654479079.938
1654479090,407c8a,-37.82588118213721,144.9371337890625,82.3753204002694,260.6553280979003,-5.52704,DHK246  ,False,False,False,4052.0,1188.72,1120.14,1654479089.913,1654479089.959
1654479100,407c8a,-37.826998435844814,144.92823725161347,81.27726789123571,260.8953991345978,-4.8768,DHK246  ,False,False,False,4052.0,1127.76,1059.18,1654479099.558,1654479099.982
1654479110,407c8a,-37.82817077636719,144.9188427214927,81.7059518637143,261.30869246411515,-1.30048,DHK246  ,False,False,False,4052.0,1097.28,1028.7,1654479109.95,1654479109.962
1654479120,407c8a,-37.82926940917969,144.90966796875,80.68902855639506,261.19829167679217,-0.32512,DHK246  ,False,False,False,4052.0,1089.66,1021.08,1654479119.964,1654479119.987
1654479130,407c8a,-37.83036804199219,144.9007854055851,81.78527097701189,260.9524280000993,-0.32512,DHK246  ,False,False,False,4052.0,1082.04,1013.46,1654479129.616,1654479129.848
1654479140,407c8a,-37.83155822753906,144.8913769011802,83.23188824161048,261.46923439005184,-0.97536,DHK246  ,False,False,False,4052.0,1066.8,998.22,1654479139.943,1654479139.947
1654479150,407c8a,-37.83183288574219,144.8820852726064,85.50455473179193,276.9112271190247,-1.6256000000000002,DHK246  ,False,False,False,4052.0,1051.56,982.98,1654479149.672,1654479149.94
1654479160,407c8a,-37.82876586914063,144.87296895777925,87.25704262472792,306.1267157727899,-2.92608,DHK246  ,False,False,False,4052.0,1028.7,960.12,1654479159.956,1654479159.956
1654479170,407c8a,-37.82257597325213,144.86691682235053,92.03372966199773,334.1511087683924,-5.8521600000000005,DHK246  ,False,False,False,4052.0,990.6,929.64,1654479169.612,1654479169.928
1654479180,407c8a,-37.81438277939623,144.8639314070992,95.64785457067632,348.20657031508955,-5.20192,DHK246  ,False,False,False,4052.0,937.26,876.3,1654479179.755,1654479179.877
1654479190,407c8a,-37.80577061539992,144.8621998662534,96.10744721131417,352.00001652778104,-5.20192,DHK246  ,False,False,False,4052.0,891.5400000000001,830.58,1654479189.769,1654479189.859
1654479200,407c8a,-37.79736328125,144.86093074717422,95.8427258829872,353.21829646353143,-4.55168,DHK246  ,False,False,False,4052.0,838.2,777.24,1654479199.594,1654479199.906
1654479210,407c8a,-37.78859283964516,144.85963240913722,93.68108578992292,353.6945540227314,-5.52704,DHK246  ,False,False,False,4052.0,784.86,723.9,1654479209.713,1654479209.984
1654479220,407c8a,-37.78091172040519,144.85861736795178,88.96758304123749,354.0256767135194,-5.20192,DHK246  ,False,False,False,4052.0,731.52,678.18,1654479219.195,1654479219.79
1654479230,407c8a,-37.77296447753906,144.85748291015625,84.54742759518685,352.65877418863585,-3.2512000000000003,DHK246  ,False,False,False,4052.0,685.8000000000001,624.84,1654479229.788,1654479229.953
1654479240,407c8a,-37.7655029296875,144.8562290357507,83.01698088542233,352.5226696933392,-4.22656,DHK246  ,False,False,False,4052.0,647.7,594.36,1654479239.556,1654479239.909
1654479250,407c8a,-37.75796146716101,144.8549154530401,81.62979784604522,351.6656354826422,-3.90144,DHK246  ,False,False,False,4052.0,609.6,548.64,1654479249.818,1654479249.983
1654479260,407c8a,-37.75090026855469,144.85368444564494,80.61191385772543,351.5596347244934,-4.22656,DHK246  ,False,False,False,4052.0,563.88,510.54,1654479259.582,1654479259.833
1654479270,407c8a,-37.74413545252912,144.8523479959239,75.60926822795427,350.601767004074,-2.92608,DHK246  ,False,False,False,4052.0,518.1600000000001,464.8200000000001,1654479269.576,1654479269.879
1654479280,407c8a,-37.737478482521226,144.85091499660325,72.56578644181424,350.2037900825255,-3.2512000000000003,DHK246  ,False,False,False,4052.0,487.68,441.96,1654479279.657,1654479279.966
1654479290,407c8a,-37.730804443359375,144.8495353536403,74.59438,350.4727166185476,-3.90144,DHK246  ,False,False,False,4052.0,464.8200000000001,411.48,1654479289.824,1654479289.979
1654479300,407c8a,-37.72425764698096,144.84822812287703,74.93950086747256,351.3136454187634,-4.55168,DHK246  ,False,False,False,4052.0,411.48,358.14,1654479299.482,1654479299.839
1654479310,407c8a,-37.71734619140625,144.84690564744017,74.43099815066226,351.2538377374448,-3.5763200000000004,DHK246  ,False,False,False,4052.0,373.38,320.04,1654479309.9,1654479309.951
1654479320,407c8a,-37.71071094577599,144.84566066576087,72.82790221140917,351.46923439005184,-4.22656,DHK246  ,False,False,False,4052.0,327.66,274.32000000000005,1654479319.948,1654479319.948
1654479330,407c8a,-37.70451949814623,144.84452620796534,70.20794269637874,351.57303097851934,-3.5763200000000004,DHK246  ,False,False,False,4052.0,297.18,243.84,1654479329.673,1654479329.923
1654479340,407c8a,-37.69809528932734,144.84327233355978,70.71687266949702,351.6341138759674,-3.5763200000000004,DHK246  ,False,False,False,4052.0,259.08000000000004,205.74000000000004,1654479339.955,1654479339.955
1654479350,407c8a,-37.69236936407577,144.84219758406928,71.22588186823653,351.694323794444,-4.22656,DHK246  ,False,False,False,4052.0,220.98,167.64,1654479349.006,1654479349.939
