,timestamp,icao24,latitude,longitude,groundspeed,vertical_rate,callsign,altitude,squawk,x,y
0,2021-05-10 01:08:40+00:00,7c6b09,-33.93328857421875,151.18661685865752,76.69875253506414,9.42848,JST511,1200.0,3676.0,1575957.5465430147,-3929694.3257632446
1,2021-05-10 01:08:50+00:00,7c6b09,-33.93328857421875,151.19009212571748,78.60731254194694,9.42848,JST511,1550.0,3676.0,1576274.227593105,-3929737.911098729
2,2021-05-10 01:09:00+00:00,7c6b09,-33.92913301112287,151.19705200195312,81.20397100852011,9.42848,JST511,1875.0,3676.0,1576970.9939847765,-3929370.9359623236
3,2021-05-10 01:09:10+00:00,7c6b09,-33.92857360839844,151.20657161790498,83.14599195565948,9.42848,JST511,2175.0,3676.0,1577846.9089927974,-3929429.2712470833
4,2021-05-10 01:09:20+00:00,7c6b09,-33.931182861328125,151.2150916274713,84.72566265710091,5.8521600000000005,JST511,2475.0,3676.0,1578583.9844118305,-3929821.5082808915
5,2021-05-10 01:09:30+00:00,7c6b09,-33.93434143066406,151.22293900470345,87.88564718618257,5.8521600000000005,JST511,2750.0,3676.0,1579251.4415254358,-3930265.391846838
6,2021-05-10 01:09:40+00:00,7c6b09,-33.93818664550781,151.232243751993,95.93794419358696,5.20192,JST511,2925.0,3676.0,1580041.2813811738,-3930802.702080279
7,2021-05-10 01:09:50+00:00,7c6b09,-33.94132969743117,151.24139785766602,103.1007897605418,5.20192,JST511,3075.0,3676.0,1580827.9221539395,-3931261.4161967225
8,2021-05-10 01:10:00+00:00,7c6b09,-33.94244695113878,151.2538719177246,111.69241528507102,4.8768,JST511,3300.0,3676.0,1581947.5757065658,-3931540.519134324
9,2021-05-10 01:10:10+00:00,7c6b09,-33.94244384765625,151.26626773756377,121.44801491587891,4.8768,JST511,3400.0,3676.0,1583076.9945551807,-3931696.273945384
10,2021-05-10 01:10:20+00:00,7c6b09,-33.941986083984375,151.27932801538586,126.75799943240204,4.8768,JST511,3525.0,3676.0,1584273.81201199,-3931810.815886059
11,2021-05-10 01:10:30+00:00,7c6b09,-33.941162109375,151.29412592673788,137.19074686823785,4.8768,JST511,3675.0,3676.0,1585634.4764604894,-3931907.374963418
12,2021-05-10 01:10:40+00:00,7c6b09,-33.94020080566406,151.30903594347896,142.94972351661954,4.55168,JST511,3825.0,3676.0,1587007.4343200577,-3931990.5002015643
13,2021-05-10 01:10:50+00:00,7c6b09,-33.93914794921875,151.32534727758292,146.58043422096335,4.55168,JST511,3950.0,3676.0,1588509.4507760694,-3932081.4951078226
14,2021-05-10 01:11:00+00:00,7c6b09,-33.93816414525952,151.3399314880371,146.977109963511,4.8768,JST511,4100.0,3676.0,1589853.0730035433,-3932158.3843765827
15,2021-05-10 01:11:10+00:00,7c6b09,-33.937139996027554,151.35744094848633,146.977109963511,5.20192,JST511,4275.0,3676.0,1591463.8138202045,-3932268.063083904
16,2021-05-10 01:11:20+00:00,7c6b09,-33.93625550350902,151.373291015625,146.90866976938997,5.20192,JST511,4450.0,3676.0,1592921.2551796227,-3932372.198893362
17,2021-05-10 01:11:30+00:00,7c6b09,-33.93551066770391,151.38811111450195,147.14357474798604,5.20192,JST511,4600.0,3676.0,1594282.7374792648,-3932478.718005523
18,2021-05-10 01:11:40+00:00,7c6b09,-33.93479919433594,151.40421341876595,147.14357474798604,10.07872,JST511,4775.0,3676.0,1595760.5191710829,-3932605.326274885
19,2021-05-10 01:11:50+00:00,7c6b09,-33.941795219809364,151.41772211814413,147.14357474798604,10.07872,JST511,5025.0,3676.0,1596884.5086279826,-3933541.5616683215
20,2021-05-10 01:12:00+00:00,7c6b09,-33.941795219809364,151.43451690673828,150.13041384199084,17.881600000000002,JST511,5550.0,3676.0,1598414.3953806772,-3933755.0725920186
21,2021-05-10 01:12:10+00:00,7c6b09,-33.95091247558594,151.4468695192921,150.23350331392913,18.85696,JST511,6150.0,3676.0,1599400.3786272632,-3934908.706254545
22,2021-05-10 01:12:20+00:00,7c6b09,-33.96162414550781,151.45510926538586,150.23350331392913,18.20672,JST511,6750.0,3676.0,1599987.2112532773,-3936184.338947689
23,2021-05-10 01:12:30+00:00,7c6b09,-33.974847308659946,151.46169662475586,148.8477729116206,22.43328,JST511,7400.0,3676.0,1600385.0194942013,-3937713.4892721693
24,2021-05-10 01:12:40+00:00,7c6b09,-33.98625183105469,151.46682427853955,147.45978880722714,18.85696,JST511,8175.0,3676.0,1600677.5692209026,-3939025.319725241
25,2021-05-10 01:12:50+00:00,7c6b09,-33.99924068127649,151.47268295288086,147.45978880722714,18.85696,JST511,8850.0,3676.0,1601012.3282274941,-3940519.675083021
26,2021-05-10 01:13:00+00:00,7c6b09,-34.010101318359375,151.47747429049744,147.45978880722714,13.98016,JST511,9350.0,3676.0,1601282.3521225613,-3941767.850820216
27,2021-05-10 01:13:10+00:00,7c6b09,-34.02323913574219,151.48330377072705,150.89002959752162,13.65504,JST511,9775.0,3676.0,1601611.914693935,-3943278.2078342903
28,2021-05-10 01:13:20+00:00,7c6b09,-34.037933349609375,151.48986193598537,154.6244434626888,11.70432,JST511,10225.0,3676.0,1601983.8160957329,-3944968.036885264
29,2021-05-10 01:13:30+00:00,7c6b09,-34.05026193392479,151.48257508569836,160.60295728355595,7.152640000000001,JST511,10475.0,3676.0,1601131.9871236335,-3946222.865983556
30,2021-05-10 01:13:40+00:00,7c6b09,-34.06427415750795,151.48257508569836,168.39301039169268,6.1772800000000005,JST511,10675.0,3676.0,1600917.5086436877,-3947754.658576278
31,2021-05-10 01:13:50+00:00,7c6b09,-34.07740188857258,151.48257508569836,174.7308118289022,6.1772800000000005,JST511,10850.0,3676.0,1600716.562269362,-3949189.805672639
32,2021-05-10 01:14:00+00:00,7c6b09,-34.09444000761391,151.48257508569836,177.95078261701974,10.40384,JST511,11150.0,3676.0,1600455.7502717634,-3951052.5095024854
33,2021-05-10 01:14:10+00:00,7c6b09,-34.11105915651484,151.48257508569836,177.95078261701974,14.955520000000002,JST511,11575.0,3676.0,1600201.341587591,-3952869.4812473306
34,2021-05-10 01:14:20+00:00,7c6b09,-34.12609552932997,151.48257508569836,177.95078261701974,14.630400000000002,JST511,12075.0,3676.0,1599971.1536904576,-3954513.469566587
35,2021-05-10 01:14:30+00:00,7c6b09,-34.141204833984375,151.48257508569836,175.36504827995896,14.630400000000002,JST511,12575.0,3676.0,1599739.8410400457,-3956165.490807099
36,2021-05-10 01:14:40+00:00,7c6b09,-34.15374755859375,151.48257508569836,175.0455714838505,16.581120000000002,JST511,13000.0,3676.0,1599547.8145933475,-3957536.9323089872
37,2021-05-10 01:14:50+00:00,7c6b09,-34.16386413574219,151.48257508569836,175.50609732963915,16.581120000000002,JST511,13450.0,3676.0,1599392.9277759828,-3958643.1247792467
38,2021-05-10 01:15:00+00:00,7c6b09,-34.172698974609375,151.46704848931762,175.50609732963915,15.60576,JST511,14000.0,3676.0,1597846.4934340105,-3959411.6879577213
39,2021-05-10 01:15:10+00:00,7c6b09,-34.18172545352223,151.45111083984375,175.50609732963915,13.0048,JST511,14425.0,3676.0,1596259.9843520266,-3960196.214684476
40,2021-05-10 01:15:20+00:00,7c6b09,-34.190826416015625,151.43504240074935,177.22651798895564,12.02944,JST511,14800.0,3676.0,1594660.6740571142,-3960987.467173817
41,2021-05-10 01:15:30+00:00,7c6b09,-34.199249267578125,151.42035659478637,179.79652205675205,11.3792,JST511,15175.0,3676.0,1593197.5740247478,-3961722.331012349
42,2021-05-10 01:15:40+00:00,7c6b09,-34.20909118652344,151.40320447026468,183.37457226333723,11.3792,JST511,15500.0,3676.0,1591488.935027617,-3962581.3628824353
43,2021-05-10 01:15:50+00:00,7c6b09,-34.218594825873936,151.38668060302734,185.94499921609275,11.3792,JST511,15875.0,3676.0,1589842.7891526984,-3963411.623323623
44,2021-05-10 01:16:00+00:00,7c6b09,-34.228363037109375,151.36974101163904,187.37700244247543,13.65504,JST511,16325.0,3676.0,1588155.092149232,-3964265.8271060493
45,2021-05-10 01:16:10+00:00,7c6b09,-34.23802185058594,151.35303730867346,187.37700244247543,13.65504,JST511,16775.0,3676.0,1586490.7424113345,-3965111.315296789
46,2021-05-10 01:16:20+00:00,7c6b09,-34.24713134765625,151.33728650151468,189.23149667171515,12.67968,JST511,17150.0,3676.0,1584921.5416095012,-3965908.998772379
47,2021-05-10 01:16:30+00:00,7c6b09,-34.25746594445184,151.31938934326172,190.3700004622484,12.67968,JST511,17550.0,3676.0,1583139.0226635062,-3966813.8912375253
48,2021-05-10 01:16:40+00:00,7c6b09,-34.266448974609375,151.3037109375,190.7928471592692,11.3792,JST511,17975.0,3676.0,1581578.7883354996,-3967599.1548896125
49,2021-05-10 01:16:50+00:00,7c6b09,-34.276878227621864,151.28562927246094,191.9317415315332,11.3792,JST511,18375.0,3676.0,1579778.6153808017,-3968512.653889533
50,2021-05-10 01:17:00+00:00,7c6b09,-34.28654479980469,151.26873405612244,193.07077151605728,11.70432,JST511,18750.0,3676.0,1578098.011742083,-3969357.9210247863
51,2021-05-10 01:17:10+00:00,7c6b09,-34.296849137645665,151.25072479248047,194.92540448188475,11.3792,JST511,19125.0,3676.0,1576306.8638189808,-3970259.2615387873
52,2021-05-10 01:17:20+00:00,7c6b09,-34.3068113165387,151.23327255249023,195.6409632178139,11.3792,JST511,19475.0,3676.0,1574571.7435228864,-3971130.4513177713
53,2021-05-10 01:17:30+00:00,7c6b09,-34.31644762976697,151.21644973754883,196.7800416185664,11.3792,JST511,19850.0,3676.0,1572898.951497435,-3971974.151354367
54,2021-05-10 01:17:40+00:00,7c6b09,-34.326921883275986,151.19808197021484,197.4955809178112,11.70432,JST511,20225.0,3676.0,1571073.5306451612,-3972890.494310917
55,2021-05-10 01:17:50+00:00,7c6b09,-34.33662414550781,151.18112369459502,197.4955809178112,12.02944,JST511,20600.0,3676.0,1569387.9732886574,-3973740.279895142
56,2021-05-10 01:18:00+00:00,7c6b09,-34.346939345537635,151.1630630493164,197.91925019135144,12.02944,JST511,20975.0,3676.0,1567593.3934664887,-3974643.6619377225
57,2021-05-10 01:18:10+00:00,7c6b09,-34.35746015128444,151.14469528198242,198.21120754195312,11.3792,JST511,21350.0,3676.0,1565768.1386633464,-3975566.0270682764
58,2021-05-10 01:18:20+00:00,7c6b09,-34.36720275878906,151.12764942402742,198.21120754195312,12.02944,JST511,21750.0,3676.0,1564074.8287011709,-3976419.9951387704
59,2021-05-10 01:18:30+00:00,7c6b09,-34.37736511230469,151.10988071986608,198.6346828092732,10.07872,JST511,22075.0,3676.0,1562309.8868675476,-3977311.1917153383
60,2021-05-10 01:18:40+00:00,7c6b09,-34.38711392677436,151.0927963256836,199.7739133963912,9.42848,JST511,22400.0,3676.0,1560613.51221212,-3978165.922135818
61,2021-05-10 01:18:50+00:00,7c6b09,-34.39796447753906,151.07383883729273,200.48932794149903,9.7536,JST511,22700.0,3676.0,1558730.9603462538,-3979118.287261017
62,2021-05-10 01:19:00+00:00,7c6b09,-34.40755035917641,151.0569190979004,200.9132704899515,9.42848,JST511,23000.0,3676.0,1557052.5038695496,-3979957.8051932463
63,2021-05-10 01:19:10+00:00,7c6b09,-34.41802461268537,151.0385513305664,201.6285801156879,8.45312,JST511,23300.0,3676.0,1555229.670196238,-3980876.919350242
64,2021-05-10 01:19:20+00:00,7c6b09,-34.42854309082031,151.02014035594706,202.7679573966117,9.42848,JST511,23550.0,3676.0,1553402.5553772356,-3981800.659646731
65,2021-05-10 01:19:30+00:00,7c6b09,-34.438934326171875,151.0019232302296,204.3320796460883,9.42848,JST511,23850.0,3676.0,1551595.2192652838,-3982713.183703797
66,2021-05-10 01:19:40+00:00,7c6b09,-34.44927978515625,150.98365005181762,204.3320796460883,7.477760000000001,JST511,24200.0,3676.0,1549783.7741144993,-3983620.3184895273
67,2021-05-10 01:19:50+00:00,7c6b09,-34.45903015136719,150.96649792729593,204.3320796460883,7.477760000000001,JST511,24500.0,3676.0,1548083.1379585252,-3984476.422675715
68,2021-05-10 01:20:00+00:00,7c6b09,-34.47007001456569,150.94694137573242,206.1868191386628,5.8521600000000005,JST511,24675.0,3676.0,1546145.5673261422,-3985444.409109606
69,2021-05-10 01:20:10+00:00,7c6b09,-34.4810097904529,150.9276008605957,208.0415606769509,6.502400000000001,JST511,24900.0,3676.0,1544229.4048292188,-3986404.4510475453
70,2021-05-10 01:20:20+00:00,7c6b09,-34.491018521583726,150.90991973876953,210.32141841549944,5.8521600000000005,JST511,25100.0,3676.0,1542477.8212535395,-3987283.2603856036
71,2021-05-10 01:20:30+00:00,7c6b09,-34.502191058659946,150.8902359008789,211.75104967564545,7.80288,JST511,25300.0,3676.0,1540527.7145980634,-3988265.2573318975
72,2021-05-10 01:20:40+00:00,7c6b09,-34.51229289426641,150.8723258972168,212.75664908419205,7.152640000000001,JST511,25575.0,3676.0,1538754.5852770116,-3989152.0829094634
73,2021-05-10 01:20:50+00:00,7c6b09,-34.52360508805617,150.8522987365723,215.75084629170132,5.20192,JST511,25700.0,3676.0,1536771.9452482134,-3990145.8738601888
74,2021-05-10 01:21:00+00:00,7c6b09,-34.53419494628906,150.83359698860014,218.03020409575703,5.20192,JST511,25825.0,3676.0,1534920.446491408,-3991077.1179041546
75,2021-05-10 01:21:10+00:00,7c6b09,-34.545531192068324,150.81356048583984,218.7451942338801,9.10336,JST511,26075.0,3676.0,1532937.2847155847,-3992074.1596189886
76,2021-05-10 01:21:20+00:00,7c6b09,-34.556854248046875,150.7935193120217,218.7451942338801,8.128,JST511,26400.0,3676.0,1530954.2460682353,-3993070.07781651
77,2021-05-10 01:21:30+00:00,7c6b09,-34.56778316174524,150.77425003051758,219.1972175165818,8.128,JST511,26700.0,3676.0,1529047.2993302792,-3994032.5916390144
78,2021-05-10 01:21:40+00:00,7c6b09,-34.579607430150986,150.7539939880371,219.71637645086395,8.45312,JST511,26975.0,3676.0,1527038.1202431875,-3995081.5456700106
79,2021-05-10 01:21:50+00:00,7c6b09,-34.59077453613281,150.73539266780932,220.09186564086968,8.128,JST511,27250.0,3676.0,1525188.8686398058,-3996078.9793346697
80,2021-05-10 01:22:00+00:00,7c6b09,-34.60304260253906,150.71532580317285,220.2883808352272,8.128,JST511,27525.0,3676.0,1523191.0417767703,-3997179.5973208863
81,2021-05-10 01:22:10+00:00,7c6b09,-34.61559230998415,150.69488525390625,221.0080403197343,8.128,JST511,27775.0,3676.0,1521155.6283745493,-3998306.938356852
82,2021-05-10 01:22:20+00:00,7c6b09,-34.62652587890625,150.6770978655134,221.8351485330797,8.128,JST511,28025.0,3676.0,1519384.54865344,-3999289.6834187107
83,2021-05-10 01:22:30+00:00,7c6b09,-34.63863566770391,150.6573486328125,221.8351485330797,8.128,JST511,28300.0,3676.0,1517418.9194076324,-4000377.925526942
84,2021-05-10 01:22:40+00:00,7c6b09,-34.65000915527344,150.63870176977042,221.8351485330797,8.128,JST511,28575.0,3676.0,1515564.2324779802,-4001399.156921255
85,2021-05-10 01:22:50+00:00,7c6b09,-34.66205144332628,150.61883926391602,221.9448787614946,7.477760000000001,JST511,28825.0,3676.0,1513590.0572331913,-4002479.3713479335
86,2021-05-10 01:23:00+00:00,7c6b09,-34.674591064453125,150.59817567163586,222.36005057330405,7.152640000000001,JST511,29075.0,3676.0,1511536.4876472044,-4003604.8326068027
87,2021-05-10 01:23:10+00:00,7c6b09,-34.685467218948645,150.5801010131836,222.77563663634407,6.502400000000001,JST511,29275.0,3676.0,1509741.884819668,-4004579.4982010415
88,2021-05-10 01:23:20+00:00,7c6b09,-34.69775700973253,150.55967330932617,223.9102366206687,6.1772800000000005,JST511,29500.0,3676.0,1507714.0548906927,-4005681.1791780335
89,2021-05-10 01:23:30+00:00,7c6b09,-34.709381103515625,150.54032929089604,224.32649011444173,7.477760000000001,JST511,29675.0,3676.0,1505794.3618418854,-4006723.2813803493
90,2021-05-10 01:23:40+00:00,7c6b09,-34.7214986510196,150.52013397216797,224.62889610602525,7.477760000000001,JST511,29900.0,3676.0,1503790.8235217864,-4007809.643874023
91,2021-05-10 01:23:50+00:00,7c6b09,-34.73240661621094,150.50193319515307,224.62889610602525,7.477760000000001,JST511,30150.0,3676.0,1501985.6732103068,-4008787.6442912314
92,2021-05-10 01:24:00+00:00,7c6b09,-34.74522399902344,150.48052106584822,224.62889610602525,6.1772800000000005,JST511,30375.0,3676.0,1499862.6384611826,-4009936.9454131955
93,2021-05-10 01:24:10+00:00,7c6b09,-34.75762939453125,150.4598936742666,225.76356037384133,5.20192,JST511,30550.0,3676.0,1497816.9829779323,-4011050.87341198
94,2021-05-10 01:24:20+00:00,7c6b09,-34.76884460449219,150.44111602160396,226.482181686004,6.502400000000001,JST511,30725.0,3676.0,1495956.2390453906,-4012056.742984485
95,2021-05-10 01:24:30+00:00,7c6b09,-34.78129577636719,150.42032047193877,226.89838242223345,6.502400000000001,JST511,30900.0,3676.0,1493895.475950588,-4013174.4711022177
96,2021-05-10 01:24:40+00:00,7c6b09,-34.7926025390625,150.40143071388712,226.89838242223345,7.477760000000001,JST511,31150.0,3676.0,1492023.968915535,-4014189.7600199613
97,2021-05-10 01:24:50+00:00,7c6b09,-34.804827156713486,150.38097381591797,226.89838242223345,8.45312,JST511,31400.0,3676.0,1489997.8641859672,-4015287.452663164
98,2021-05-10 01:25:00+00:00,7c6b09,-34.8172566042108,150.36020278930664,225.76356037384133,10.40384,JST511,31725.0,3676.0,1487940.8020479078,-4016404.2878243723
99,2021-05-10 01:25:10+00:00,7c6b09,-34.828429141287074,150.3415489196777,223.9102366206687,11.3792,JST511,32075.0,3676.0,1486093.6139016757,-4017408.735152802
100,2021-05-10 01:25:20+00:00,7c6b09,-34.84089660644531,150.32065878109057,221.75460540823084,11.3792,JST511,32475.0,3676.0,1484026.004742243,-4018529.117913609
101,2021-05-10 01:25:30+00:00,7c6b09,-34.85211181640625,150.30193718112244,220.3178129653473,9.42848,JST511,32825.0,3676.0,1482172.7737292415,-4019538.1533715953
102,2021-05-10 01:25:40+00:00,7c6b09,-34.86369323730469,150.28248689612565,219.5995069908978,7.80288,JST511,33075.0,3676.0,1480248.7640560719,-4020579.107093781
103,2021-05-10 01:25:50+00:00,7c6b09,-34.87504577636719,150.26342897999044,219.5995069908978,7.80288,JST511,33325.0,3676.0,1478363.8415871349,-4021599.933615695
104,2021-05-10 01:26:00+00:00,7c6b09,-34.88685219974843,150.24364471435547,219.18272857119103,7.477760000000001,JST511,33575.0,3676.0,1476407.1356453127,-4022662.360452793
105,2021-05-10 01:26:10+00:00,7c6b09,-34.89881612486761,150.22350311279297,219.5995069908978,7.152640000000001,JST511,33825.0,3676.0,1474416.258120539,-4023738.2466855166
106,2021-05-10 01:26:20+00:00,7c6b09,-34.909881591796875,150.20490996691646,219.5995069908978,4.55168,JST511,34025.0,3676.0,1472578.4681427928,-4024734.1022114498
107,2021-05-10 01:26:30+00:00,7c6b09,-34.921417236328125,150.18551573461417,219.5995069908978,4.8768,JST511,34125.0,3676.0,1470661.9338889308,-4025772.494675616
108,2021-05-10 01:26:40+00:00,7c6b09,-34.932769775390625,150.16640176578443,220.01669878133484,4.8768,JST511,34275.0,3676.0,1468773.6710750759,-4026794.4333417634
109,2021-05-10 01:26:50+00:00,7c6b09,-34.94457697464247,150.14654159545898,220.434301595478,4.55168,JST511,34450.0,3676.0,1466811.8890308382,-4027857.8953007124
110,2021-05-10 01:27:00+00:00,7c6b09,-34.95663400423729,150.12617111206055,221.1522895418248,3.90144,JST511,34575.0,3676.0,1464800.838554042,-4028943.1980576105
111,2021-05-10 01:27:10+00:00,7c6b09,-34.967573780124496,150.1076889038086,221.8703396802117,4.8768,JST511,36000.0,3676.0,1462976.5332027185,-4029928.282439997
112,2021-05-10 01:27:20+00:00,7c6b09,-34.98037564552436,150.08594512939453,221.8703396802117,4.8768,JST511,36000.0,3676.0,1460831.6642737475,-4031080.110045697
113,2021-05-10 01:27:30+00:00,7c6b09,-34.99113464355469,150.06780507613203,221.8703396802117,7.152640000000001,JST511,36000.0,3676.0,1459041.4980885468,-4032050.0370277246
114,2021-05-10 01:27:40+00:00,7c6b09,-35.00321960449219,150.04734584263394,221.1522895418248,7.152640000000001,JST511,36000.0,3676.0,1457023.527321548,-4033138.905677458
115,2021-05-10 01:27:50+00:00,7c6b09,-35.01365661621094,150.02974529655611,220.73484610972343,5.8521600000000005,JST511,36000.0,3676.0,1455287.2579020874,-4034080.4098539045
116,2021-05-10 01:28:00+00:00,7c6b09,-35.0264158087262,150.00818252563477,220.434301595478,4.8768,JST511,36000.0,3676.0,1453160.8984294557,-4035231.2611994236
117,2021-05-10 01:28:10+00:00,7c6b09,-35.03796076370497,149.98855590820312,220.434301595478,5.20192,JST511,36000.0,3676.0,1451226.8059865935,-4036271.634780211
118,2021-05-10 01:28:20+00:00,7c6b09,-35.04908752441406,149.96976891342476,220.434301595478,2.27584,JST511,36000.0,3676.0,1449374.7249505192,-4037276.1537005818
119,2021-05-10 01:28:30+00:00,7c6b09,-35.06086446471136,149.9498176574707,219.71637645086395,0.32512,JST511,36000.0,3676.0,1447408.778039777,-4038338.97167082
120,2021-05-10 01:28:40+00:00,7c6b09,-35.071929931640625,149.9310925542092,220.434301595478,0.0,JST511,36000.0,3676.0,1445563.816449092,-4039338.16749612
121,2021-05-10 01:28:50+00:00,7c6b09,-35.083465576171875,149.91158621651786,220.434301595478,0.0,JST511,36000.0,3676.0,1443642.107766872,-4040380.3407902787
122,2021-05-10 01:29:00+00:00,7c6b09,-35.09568553859907,149.8908805847168,220.434301595478,0.0,JST511,36000.0,3676.0,1441602.9824865817,-4041484.2499993797
123,2021-05-10 01:29:10+00:00,7c6b09,-35.10657876224843,149.87245559692383,221.5701409426756,0.0,JST511,36000.0,3676.0,1439788.5246893761,-4042469.0238597626
124,2021-05-10 01:29:20+00:00,7c6b09,-35.118896484375,149.85149772799744,222.70612906051664,0.0,JST511,36000.0,3676.0,1437726.0331785022,-4043581.5530067016
125,2021-05-10 01:29:30+00:00,7c6b09,-35.130157470703125,149.83238375916773,224.1417807865039,0.0,JST511,36000.0,3676.0,1435844.9803824562,-4044599.528483475
126,2021-05-10 01:29:40+00:00,7c6b09,-35.14192199707031,149.8124289999203,224.5599621664614,0.0,JST511,36000.0,3676.0,1433881.4303805968,-4045663.5529858093
127,2021-05-10 01:29:50+00:00,7c6b09,-35.15345764160156,149.79281055683992,224.5599621664614,0.0,JST511,36000.0,3676.0,1431951.7581335315,-4046706.653032269
128,2021-05-10 01:30:00+00:00,7c6b09,-35.165467343087926,149.77243423461914,224.5599621664614,0.0,JST511,36000.0,3676.0,1429947.5234514098,-4047793.557971492
129,2021-05-10 01:30:10+00:00,7c6b09,-35.17744445800781,149.7520041952328,224.5599621664614,0.0,JST511,36000.0,3676.0,1427939.2804223811,-4048876.6685149297
130,2021-05-10 01:30:20+00:00,7c6b09,-35.188743461996864,149.73283767700195,224.2610035767044,0.0,JST511,36000.0,3676.0,1426054.7236028665,-4049900.0318253594
131,2021-05-10 01:30:30+00:00,7c6b09,-35.20089359606726,149.71206665039062,223.84226368399064,0.0,JST511,36000.0,3676.0,1424014.095383073,-4050999.0514741535
132,2021-05-10 01:30:40+00:00,7c6b09,-35.211639404296875,149.69370939293685,223.12462890649337,0.0,JST511,36000.0,3676.0,1422210.8305573436,-4051971.5336927255
133,2021-05-10 01:30:50+00:00,7c6b09,-35.22351798364673,149.67344284057617,223.12462890649337,0.0,JST511,36000.0,3676.0,1420220.164340158,-4053047.1942918957
134,2021-05-10 01:31:00+00:00,7c6b09,-35.236358642578125,149.65158462524414,222.70612906051664,0.0,JST511,36000.0,3676.0,1418073.1813666264,-4054210.9758304427
135,2021-05-10 01:31:10+00:00,7c6b09,-35.24729919433594,149.63293075561523,222.4070584506348,-0.32512,JST511,36000.0,3676.0,1416241.5318385174,-4055202.5641451324
136,2021-05-10 01:31:20+00:00,7c6b09,-35.25938415527344,149.61227416992188,222.4070584506348,0.0,JST511,36000.0,3676.0,1414214.0217009168,-4056297.67969954
137,2021-05-10 01:31:30+00:00,7c6b09,-35.27055358886719,149.59321975708008,222.4070584506348,0.0,JST511,36000.0,3676.0,1412343.8193454677,-4057310.610686166
138,2021-05-10 01:31:40+00:00,7c6b09,-35.282135009765625,149.5733642578125,222.1087766871605,0.0,JST511,36000.0,3676.0,1410396.134600586,-4058360.164875822
139,2021-05-10 01:31:50+00:00,7c6b09,-35.293253235897794,149.55431349734044,222.1087766871605,-0.32512,JST511,36000.0,3676.0,1408527.6444990616,-4059368.212866863
140,2021-05-10 01:32:00+00:00,7c6b09,-35.30531026549261,149.53362647523272,222.1087766871605,-0.32512,JST511,36000.0,3676.0,1406499.268454369,-4060461.457723195
141,2021-05-10 01:32:10+00:00,7c6b09,-35.31756591796875,149.5125961303711,222.1087766871605,0.0,JST511,36000.0,3676.0,1404437.6519612535,-4061573.0991456695
142,2021-05-10 01:32:20+00:00,7c6b09,-35.32841491699219,149.4939422607422,221.6895529410088,0.32512,JST511,36000.0,3676.0,1402609.6383059062,-4062557.083915554
143,2021-05-10 01:32:30+00:00,7c6b09,-35.3404541015625,149.4733428955078,220.97211301026456,0.32512,JST511,36000.0,3676.0,1400590.5447874572,-4063650.526354872
144,2021-05-10 01:32:40+00:00,7c6b09,-35.351490085407875,149.45432622381983,220.97211301026456,0.32512,JST511,36000.0,3676.0,1398727.9918062761,-4064651.718282144
145,2021-05-10 01:32:50+00:00,7c6b09,-35.36279296875,149.43500518798828,220.55312861180423,0.32512,JST511,36000.0,3676.0,1396834.7420822305,-4065679.2065797113
146,2021-05-10 01:33:00+00:00,7c6b09,-35.37495241326803,149.4140625,221.5145924377161,0.32512,JST511,36000.0,3676.0,1394784.2251541263,-4066783.207924804
147,2021-05-10 01:33:10+00:00,7c6b09,-35.385955810546875,149.39517974853516,221.5145924377161,0.0,JST511,36000.0,3676.0,1392935.2014386142,-4067783.3675513105
148,2021-05-10 01:33:20+00:00,7c6b09,-35.397623353085294,149.37496753449136,221.5145924377161,-0.65024,JST511,36000.0,3676.0,1390957.8524220788,-4068842.163462404
149,2021-05-10 01:33:30+00:00,7c6b09,-35.408935546875,149.35541152954102,223.66543737256669,-0.65024,JST511,36000.0,3676.0,1389044.7369535558,-4069869.529264158
150,2021-05-10 01:33:40+00:00,7c6b09,-35.42080636751854,149.33487912441822,224.8026100635992,0.32512,JST511,36000.0,3676.0,1387036.5610520185,-4070947.899380062
151,2021-05-10 01:33:50+00:00,7c6b09,-35.4320068359375,149.31547164916992,224.8026100635992,0.32512,JST511,36000.0,3676.0,1385139.03125931,-4071965.357117842
152,2021-05-10 01:34:00+00:00,7c6b09,-35.44422912597656,149.29447174072266,225.09967363174985,0.0,JST511,36000.0,3676.0,1383084.8077220225,-4073078.003115382
153,2021-05-10 01:34:10+00:00,7c6b09,-35.456451416015625,149.27335739135742,225.09967363174985,0.0,JST511,36000.0,3676.0,1381020.6923011588,-4074189.8083641552
154,2021-05-10 01:34:20+00:00,7c6b09,-35.46721894862287,149.2547607421875,225.09967363174985,0.32512,JST511,36000.0,3676.0,1379203.006103774,-4075169.6796316085
155,2021-05-10 01:34:30+00:00,7c6b09,-35.47956848144531,149.23341751098633,224.38252197270768,0.32512,JST511,36000.0,3676.0,1377117.3618743664,-4076293.761662081
156,2021-05-10 01:34:40+00:00,7c6b09,-35.49055480957031,149.2144775390625,224.38252197270768,-0.32512,JST511,36000.0,3676.0,1375266.5444565965,-4077294.6403057813
157,2021-05-10 01:34:50+00:00,7c6b09,-35.50292451502912,149.19310874127328,224.0856887317377,0.0,JST511,36000.0,3676.0,1373179.1166166996,-4078421.472751746
158,2021-05-10 01:35:00+00:00,7c6b09,-35.51435852050781,149.17339324951172,224.0856887317377,0.0,JST511,36000.0,3676.0,1371253.278435769,-4079463.8519040253
159,2021-05-10 01:35:10+00:00,7c6b09,-35.52571105957031,149.1536521911621,223.3688360265693,0.0,JST511,36000.0,3676.0,1369326.5829638822,-4080497.35789453
160,2021-05-10 01:35:20+00:00,7c6b09,-35.53770446777344,149.1327667236328,222.9484204783855,0.0,JST511,36000.0,3676.0,1367288.809619209,-4081589.2788877883
161,2021-05-10 01:35:30+00:00,7c6b09,-35.54859924316406,149.11394119262695,222.9484204783855,-0.65024,JST511,36000.0,3676.0,1365451.2404248947,-4082583.1267043184
162,2021-05-10 01:35:40+00:00,7c6b09,-35.560638427734375,149.09305572509766,222.9484204783855,-0.65024,JST511,36000.0,3676.0,1363413.6125371265,-4083680.8642193913
163,2021-05-10 01:35:50+00:00,7c6b09,-35.57176208496094,149.07377243041992,222.9484204783855,0.0,JST511,36000.0,3676.0,1361532.541974622,-4084695.639417572
164,2021-05-10 01:36:00+00:00,7c6b09,-35.58355299092955,149.05332524725733,222.9484204783855,0.0,JST511,36000.0,3676.0,1359538.3600310348,-4085771.5900317687
165,2021-05-10 01:36:10+00:00,7c6b09,-35.59602899066476,149.03170321850067,222.9484204783855,0.0,JST511,36000.0,3676.0,1357429.910870319,-4086910.6284084613
166,2021-05-10 01:36:20+00:00,7c6b09,-35.60618591308594,149.01403427124023,222.65205261094744,0.0,JST511,36000.0,3676.0,1355707.7624960477,-4087837.5508949305
167,2021-05-10 01:36:30+00:00,7c6b09,-35.6188861394333,148.99190699800533,223.3688360265693,-0.32512,JST511,36000.0,3676.0,1353551.7299474624,-4088996.622438239
168,2021-05-10 01:36:40+00:00,7c6b09,-35.62953186035156,148.97340774536133,223.3688360265693,-0.32512,JST511,36000.0,3676.0,1351749.1777181637,-4089969.0680946726
169,2021-05-10 01:36:50+00:00,7c6b09,-35.64106750488281,148.95326614379883,223.07302671081848,0.32512,JST511,36000.0,3676.0,1349787.676608754,-4091022.137954959
170,2021-05-10 01:37:00+00:00,7c6b09,-35.653472900390625,148.93157958984375,221.93533915622444,0.65024,JST511,36000.0,3676.0,1347676.3282459418,-4092154.7484371224
171,2021-05-10 01:37:10+00:00,7c6b09,-35.663995257878696,148.913191125748,221.93533915622444,0.65024,JST511,36025.0,3676.0,1345886.3598992184,-4093115.850642468
172,2021-05-10 01:37:20+00:00,7c6b09,-35.676177978515625,148.89198303222656,221.93533915622444,0.0,JST511,36025.0,3676.0,1343821.6887032352,-4094229.881519228
173,2021-05-10 01:37:30+00:00,7c6b09,-35.686712749933804,148.87357021899933,221.64000477117403,-0.32512,JST511,36025.0,3676.0,1342030.0307045195,-4095192.773614363
174,2021-05-10 01:37:40+00:00,7c6b09,-35.69883728027344,148.8522720336914,221.64000477117403,-0.32512,JST511,36025.0,3676.0,1339958.792905401,-4096300.2269877377
175,2021-05-10 01:37:50+00:00,7c6b09,-35.71003542108053,148.8326636781084,221.34547198621885,0.0,JST511,36025.0,3676.0,1338051.7866444092,-4097324.106946727
176,2021-05-10 01:38:00+00:00,7c6b09,-35.72144071934588,148.81267791098736,220.9236018746325,0.32512,JST511,36025.0,3676.0,1336108.5420318411,-4098367.1423956016
177,2021-05-10 01:38:10+00:00,7c6b09,-35.73373051012976,148.79117275806183,220.37726588765508,-0.32512,JST511,36025.0,3676.0,1334017.7413902704,-4099491.809311726
178,2021-05-10 01:38:20+00:00,7c6b09,-35.7440185546875,148.77329075590094,219.78562540131784,0.0,JST511,36025.0,3676.0,1332278.6188656755,-4100434.901759847
179,2021-05-10 01:38:30+00:00,7c6b09,-35.756011962890625,148.7523078918457,219.491015755545,-0.32512,JST511,36025.0,3676.0,1330239.3135377045,-4101533.254944196
180,2021-05-10 01:38:40+00:00,7c6b09,-35.76687570345604,148.73326078374336,219.491015755545,-0.32512,JST511,36025.0,3676.0,1328388.788826137,-4102528.0801227507
181,2021-05-10 01:38:50+00:00,7c6b09,-35.778606867386145,148.7126321995512,219.491015755545,-0.32512,JST511,36000.0,3676.0,1326385.4331678082,-4103602.07929403
182,2021-05-10 01:39:00+00:00,7c6b09,-35.79011535644531,148.69239807128906,219.491015755545,-0.32512,JST511,36000.0,3676.0,1324420.7362667648,-4104656.1096854312
183,2021-05-10 01:39:10+00:00,7c6b09,-35.8005329713983,148.67406317528258,219.78562540131784,-0.32512,JST511,36000.0,3676.0,1322640.907494901,-4105610.3630472673
184,2021-05-10 01:39:20+00:00,7c6b09,-35.812357239804044,148.65337615317486,219.78562540131784,0.0,JST511,36000.0,3676.0,1320632.2075172833,-4106695.145232845
185,2021-05-10 01:39:30+00:00,7c6b09,-35.82325744628906,148.63431930541992,219.78562540131784,0.0,JST511,36000.0,3676.0,1318782.040395582,-4107695.648864383
186,2021-05-10 01:39:40+00:00,7c6b09,-35.83526094081037,148.6131708672706,220.20727196455783,-0.32512,JST511,36000.0,3676.0,1316730.3906110611,-4108796.1095292796
187,2021-05-10 01:39:50+00:00,7c6b09,-35.845916748046875,148.5944366455078,220.33583069647983,-0.32512,JST511,36000.0,3676.0,1314912.994329302,-4109773.7828873415
188,2021-05-10 01:40:00+00:00,7c6b09,-35.857466358249496,148.57401746384642,220.33583069647983,-0.32512,JST511,35975.0,3676.0,1312933.3303002282,-4110832.6473012725
189,2021-05-10 01:40:10+00:00,7c6b09,-35.86966304455774,148.55239543508978,220.33583069647983,0.0,JST511,35975.0,3676.0,1310837.8827990436,-4111950.644010851
190,2021-05-10 01:40:20+00:00,7c6b09,-35.879608154296875,148.5348129272461,219.91322718387187,0.0,JST511,35975.0,3676.0,1309133.8775951792,-4112863.074573369
191,2021-05-10 01:40:30+00:00,7c6b09,-35.891326904296875,148.51409912109375,219.91322718387187,0.0,JST511,35975.0,3676.0,1307126.7269985909,-4113938.6468312675
192,2021-05-10 01:40:40+00:00,7c6b09,-35.90240478515625,148.49458694458008,219.91322718387187,0.0,JST511,35975.0,3676.0,1305235.8682111928,-4114956.4818174983
193,2021-05-10 01:40:50+00:00,7c6b09,-35.91416931152344,148.47381591796875,219.91322718387187,0.0,JST511,35975.0,3676.0,1303223.753036909,-4116037.282649219
194,2021-05-10 01:41:00+00:00,7c6b09,-35.9257119388904,148.45346004404922,220.33583069647983,0.0,JST511,35975.0,3676.0,1301252.0618226547,-4117098.3310778346
195,2021-05-10 01:41:10+00:00,7c6b09,-35.936553955078125,148.43421936035156,221.0517440055523,0.0,JST511,35975.0,3676.0,1299389.5996589414,-4118094.0840571653
196,2021-05-10 01:41:20+00:00,7c6b09,-35.948103565280746,148.41366382355386,221.47456498816152,0.0,JST511,35975.0,3676.0,1297400.650866308,-4119154.592789463
197,2021-05-10 01:41:30+00:00,7c6b09,-35.958984375,148.39433670043945,221.89777297384668,0.0,JST511,36000.0,3676.0,1295530.6351365622,-4120154.443390209
198,2021-05-10 01:41:40+00:00,7c6b09,-35.97058829614673,148.37369228931183,222.19038253637032,0.0,JST511,36000.0,3676.0,1293533.7667089275,-4121220.7865527086
199,2021-05-10 01:41:50+00:00,7c6b09,-35.98194704217428,148.3534727705286,222.6134185330576,0.0,JST511,36000.0,3676.0,1291578.445617586,-4122264.867262859
200,2021-05-10 01:42:00+00:00,7c6b09,-35.99359130859375,148.3327674865723,223.32914091473216,0.32512,JST511,36000.0,3676.0,1289576.3671101474,-4123335.8180571864
201,2021-05-10 01:42:10+00:00,7c6b09,-36.005223161083165,148.3120402883976,223.32914091473216,0.32512,JST511,36000.0,3676.0,1287572.8650028855,-4124405.5746416943
202,2021-05-10 01:42:20+00:00,7c6b09,-36.0159767280191,148.29293109000997,223.32914091473216,0.32512,JST511,36025.0,3676.0,1285725.7245851788,-4125395.4542049635
203,2021-05-10 01:42:30+00:00,7c6b09,-36.02764892578125,148.2721710205078,224.0449393826312,0.32512,JST511,36025.0,3676.0,1283719.5076124056,-4126470.0909145377
204,2021-05-10 01:42:40+00:00,7c6b09,-36.038909912109375,148.25214385986328,224.0449393826312,0.0,JST511,36025.0,3676.0,1281784.4717003459,-4127507.263697518
205,2021-05-10 01:42:50+00:00,7c6b09,-36.05061159295553,148.2313375270113,224.4680173166265,0.0,JST511,36025.0,3676.0,1279774.4989703263,-4128585.467708742
206,2021-05-10 01:43:00+00:00,7c6b09,-36.06230163574219,148.21043014526367,224.4680173166265,0.0,JST511,36025.0,3676.0,1277756.0117308546,-4129661.7635507267
207,2021-05-10 01:43:10+00:00,7c6b09,-36.073748055150986,148.1899634827959,224.4680173166265,0.0,JST511,36025.0,3676.0,1275780.4145949087,-4130716.0729797077
208,2021-05-10 01:43:20+00:00,7c6b09,-36.08519990565412,148.16951021235042,224.8914761355044,0.0,JST511,36025.0,3676.0,1273806.3207970054,-4131771.5058316304
209,2021-05-10 01:43:30+00:00,7c6b09,-36.096221923828125,148.14977645874023,224.8914761355044,-0.32512,JST511,36025.0,3676.0,1271902.3621324115,-4132787.2033821503
210,2021-05-10 01:43:40+00:00,7c6b09,-36.10816955566406,148.12837600708008,225.3153136917533,-0.32512,JST511,36025.0,3676.0,1269838.0533671132,-4133888.509873604
211,2021-05-10 01:43:50+00:00,7c6b09,-36.11924743652344,148.10863494873047,225.607009954686,0.0,JST511,36025.0,3676.0,1267933.467132004,-4134911.048140204
212,2021-05-10 01:44:00+00:00,7c6b09,-36.131195068359375,148.0872344970703,225.607009954686,0.0,JST511,36025.0,3676.0,1265869.9411142233,-4136013.1712861303
213,2021-05-10 01:44:10+00:00,7c6b09,-36.1431884765625,148.06577682495117,226.03067666040184,0.0,JST511,36025.0,3676.0,1263801.1345416373,-4137120.1932608485
214,2021-05-10 01:44:20+00:00,7c6b09,-36.15403747558594,148.04632186889648,226.32262028683297,0.0,JST511,36025.0,3676.0,1261926.0803977293,-4138121.501588228
215,2021-05-10 01:44:30+00:00,7c6b09,-36.16603088378906,148.02480697631836,226.74611707727564,0.0,JST511,36025.0,3676.0,1259852.9354759397,-4139228.763813318
216,2021-05-10 01:44:40+00:00,7c6b09,-36.1768798828125,148.00535202026367,226.74611707727564,0.0,JST511,36025.0,3676.0,1257978.5886396202,-4140230.8105584527
217,2021-05-10 01:44:50+00:00,7c6b09,-36.18915105270128,147.98338545129656,226.8791361255252,0.0,JST511,36025.0,3676.0,1255862.4036101908,-4141365.0225913045
218,2021-05-10 01:45:00+00:00,7c6b09,-36.20064945544226,147.96263999127328,226.8791361255252,0.0,JST511,36025.0,3676.0,1253865.3657725754,-4142426.595861743
219,2021-05-10 01:45:10+00:00,7c6b09,-36.21196164923202,147.94224515874336,226.8791361255252,0.0,JST511,36025.0,3676.0,1251902.3508951808,-4143471.511935938
220,2021-05-10 01:45:20+00:00,7c6b09,-36.22346005197301,147.92149969872008,226.8791361255252,0.0,JST511,36025.0,3676.0,1249906.0663076257,-4144533.8740138155
221,2021-05-10 01:45:30+00:00,7c6b09,-36.23451232910156,147.90155410766602,226.45471942020268,0.32512,JST511,36025.0,3676.0,1247987.1435236104,-4145555.342455956
222,2021-05-10 01:45:40+00:00,7c6b09,-36.24650573730469,147.8799819946289,226.45471942020268,0.32512,JST511,36025.0,3676.0,1245911.6441484615,-4146664.9203084386
223,2021-05-10 01:45:50+00:00,7c6b09,-36.25685119628906,147.861328125,226.45471942020268,0.0,JST511,36025.0,3676.0,1244117.5593209316,-4147621.9287862135
224,2021-05-10 01:46:00+00:00,7c6b09,-36.26948547363281,147.83849716186523,226.16411649729525,0.0,JST511,36025.0,3676.0,1241922.4894062746,-4148790.6054755477
225,2021-05-10 01:46:10+00:00,7c6b09,-36.28118482686705,147.81736333319483,226.16411649729525,0.0,JST511,36025.0,3676.0,1239890.9475217215,-4149873.3059955584
226,2021-05-10 01:46:20+00:00,7c6b09,-36.29198494604077,147.79784506939828,226.16411649729525,0.0,JST511,36025.0,3676.0,1238015.1153295613,-4150873.06727561
227,2021-05-10 01:46:30+00:00,7c6b09,-36.30418395996094,147.77589797973633,225.73952785207675,0.0,JST511,36025.0,3676.0,1235905.591006754,-4152003.722893753
228,2021-05-10 01:46:40+00:00,7c6b09,-36.31494140625,147.75644302368164,225.73952785207675,0.0,JST511,36025.0,3676.0,1234036.6479226775,-4153000.141989199
229,2021-05-10 01:46:50+00:00,7c6b09,-36.32661981097726,147.73537493766622,225.0244154143965,0.0,JST511,36025.0,3676.0,1232012.7644648787,-4154082.775124118
230,2021-05-10 01:47:00+00:00,7c6b09,-36.3387451171875,147.71352767944336,225.0244154143965,0.0,JST511,36025.0,3676.0,1229914.2638827902,-4155207.5361073064
231,2021-05-10 01:47:10+00:00,7c6b09,-36.349197646318885,147.69452683469083,225.15962701446315,0.0,JST511,36025.0,3676.0,1228090.6379145938,-4156175.844037951
232,2021-05-10 01:47:20+00:00,7c6b09,-36.361021914724574,147.67308011968086,225.15962701446315,-0.32512,JST511,36025.0,3676.0,1226032.3310390322,-4157272.0941620264
233,2021-05-10 01:47:30+00:00,7c6b09,-36.37219445180085,147.65280216298206,225.15962701446315,-0.65024,JST511,36000.0,3676.0,1224086.6542853436,-4158308.1804674915
234,2021-05-10 01:47:40+00:00,7c6b09,-36.383553197828405,147.63211514087433,225.15962701446315,-0.65024,JST511,35975.0,3676.0,1222102.5713059683,-4159361.2317189486
235,2021-05-10 01:47:50+00:00,7c6b09,-36.39430676476434,147.6125968770778,225.4491769411816,-0.32512,JST511,35975.0,3676.0,1220230.4881777407,-4160359.1870281254
236,2021-05-10 01:48:00+00:00,7c6b09,-36.40641034659694,147.5906242208278,225.87431137599472,-0.32512,JST511,35975.0,3676.0,1218123.4211289566,-4161482.8071846105
237,2021-05-10 01:48:10+00:00,7c6b09,-36.41879324185646,147.56818406125333,226.5890775222496,-0.32512,JST511,35975.0,3676.0,1215971.700360301,-4162633.199824862
238,2021-05-10 01:48:20+00:00,7c6b09,-36.42912783865205,147.54942549035906,226.5890775222496,0.0,JST511,35975.0,3676.0,1214173.536939855,-4163593.3641697606
239,2021-05-10 01:48:30+00:00,7c6b09,-36.44151073391157,147.52686845495347,227.014408835704,0.0,JST511,35975.0,3676.0,1212012.1992882194,-4164743.4811264668
240,2021-05-10 01:48:40+00:00,7c6b09,-36.45208740234375,147.5075912475586,227.44010836025063,0.0,JST511,35975.0,3676.0,1210165.5454737851,-4165726.106495135
241,2021-05-10 01:48:50+00:00,7c6b09,-36.46403503417969,147.48579025268555,228.1546090368543,0.0,JST511,35975.0,3676.0,1208077.6823613422,-4166836.2712758933
242,2021-05-10 01:49:00+00:00,7c6b09,-36.47607421875,147.46387481689453,228.4438383644845,0.32512,JST511,35975.0,3676.0,1205978.9362279824,-4167955.8896560795
243,2021-05-10 01:49:10+00:00,7c6b09,-36.48692321777344,147.44407653808594,228.8691918304289,0.32512,JST511,35975.0,3676.0,1204083.6255898324,-4168964.728362678
244,2021-05-10 01:49:20+00:00,7c6b09,-36.49872343418963,147.42255677568153,228.8691918304289,0.32512,JST511,36000.0,3676.0,1202023.811533635,-4170062.566288636
245,2021-05-10 01:49:30+00:00,7c6b09,-36.5095701056012,147.40268788439164,229.29491044675828,0.0,JST511,36000.0,3676.0,1200122.9463726731,-4171071.224806155
246,2021-05-10 01:49:40+00:00,7c6b09,-36.5218505859375,147.38027572631836,229.72099218338408,-0.32512,JST511,36000.0,3676.0,1197978.6430804713,-4172214.4466433143
247,2021-05-10 01:49:50+00:00,7c6b09,-36.53297424316406,147.35990524291992,230.00940245328133,-0.32512,JST511,36000.0,3676.0,1196030.510238091,-4173249.7129424857
248,2021-05-10 01:50:00+00:00,7c6b09,-36.545013427734375,147.33781814575195,230.00940245328133,0.0,JST511,36000.0,3676.0,1193918.8758427522,-4174370.2348335567
249,2021-05-10 01:50:10+00:00,7c6b09,-36.556640625,147.31658935546875,230.4353115629315,0.0,JST511,36000.0,3676.0,1191889.0440495654,-4175453.8081124835
250,2021-05-10 01:50:20+00:00,7c6b09,-36.56780695511122,147.29615556432847,230.4353115629315,0.0,JST511,36000.0,3676.0,1189935.8994206411,-4176494.3813658953
251,2021-05-10 01:50:30+00:00,7c6b09,-36.58032950708423,147.27307258768286,230.14743502352613,-0.32512,JST511,36000.0,3676.0,1187731.0460348947,-4177660.212467186
252,2021-05-10 01:50:40+00:00,7c6b09,-36.59097290039063,147.25347518920898,230.14743502352613,0.65024,JST511,36000.0,3676.0,1185859.3554528132,-4178651.6845798637
253,2021-05-10 01:50:50+00:00,7c6b09,-36.60276768571242,147.2318738572141,227.866174032214,0.65024,JST511,36000.0,3676.0,1183795.9252028854,-4179751.917206735
254,2021-05-10 01:51:00+00:00,7c6b09,-36.61459195411811,147.2101933905419,224.44502521891872,0.32512,JST511,36000.0,3676.0,1181725.5061722212,-4180855.092912413
255,2021-05-10 01:51:10+00:00,7c6b09,-36.62515931210277,147.19090887840758,220.31000482423624,0.32512,JST511,36000.0,3676.0,1179883.658398698,-4181842.2237925665
256,2021-05-10 01:51:20+00:00,7c6b09,-36.63642883300781,147.17039108276367,216.8904689553364,-0.32512,JST511,36000.0,3676.0,1177924.0727872294,-4182895.7727759336
257,2021-05-10 01:51:30+00:00,7c6b09,-36.64736472954184,147.15052827875667,214.74571154495263,-0.65024,JST511,36000.0,3676.0,1176027.0928888205,-4183918.9471047744
258,2021-05-10 01:51:40+00:00,7c6b09,-36.65863037109375,147.1298996945645,215.16308956115645,-0.65024,JST511,36000.0,3676.0,1174058.4119145768,-4184971.7928415863
259,2021-05-10 01:51:50+00:00,7c6b09,-36.66896496788934,147.11084893409242,215.16308956115645,-0.65024,JST511,36000.0,3676.0,1172241.4440768515,-4185936.7845638166
260,2021-05-10 01:52:00+00:00,7c6b09,-36.680137504965614,147.09010347406917,215.16308956115645,0.0,JST511,36000.0,3676.0,1170264.144082001,-4186978.994753901
261,2021-05-10 01:52:10+00:00,7c6b09,-36.690673828125,147.07042694091797,216.5900884854402,-0.32512,JST511,36000.0,3676.0,1168389.7681524355,-4187961.1711989143
262,2021-05-10 01:52:20+00:00,7c6b09,-36.70088195800781,147.05148696899414,217.73139600090417,0.32512,JST511,36000.0,3676.0,1166585.1069797415,-4188914.2379481667
263,2021-05-10 01:52:30+00:00,7c6b09,-36.712646484375,147.0296287536621,218.4449411095768,0.32512,JST511,36000.0,3676.0,1164502.9608835962,-4190012.738009496
264,2021-05-10 01:52:40+00:00,7c6b09,-36.722732802568885,147.01092009848736,219.8723063772334,-0.32512,JST511,36000.0,3676.0,1162720.9648153612,-4190955.1751236776
265,2021-05-10 01:52:50+00:00,7c6b09,-36.73465017545021,146.98871369057514,221.30003246494945,-0.32512,JST511,36000.0,3676.0,1160606.8285333936,-4192068.175455658
266,2021-05-10 01:53:00+00:00,7c6b09,-36.7459716796875,146.9677734375,221.30003246494945,0.32512,JST511,36000.0,3676.0,1158612.665786714,-4193127.3781493795
267,2021-05-10 01:53:10+00:00,7c6b09,-36.75640869140625,146.94843292236328,221.30003246494945,0.0,JST511,36000.0,3676.0,1156771.4097591522,-4194103.85161216
268,2021-05-10 01:53:20+00:00,7c6b09,-36.7677488165387,146.92747075506983,221.30003246494945,0.32512,JST511,36000.0,3676.0,1154775.8152396388,-4195165.682458567
269,2021-05-10 01:53:30+00:00,7c6b09,-36.77842712402344,146.9077491760254,221.30003246494945,0.0,JST511,36000.0,3676.0,1152898.5666685177,-4196166.068561087
270,2021-05-10 01:53:40+00:00,7c6b09,-36.78996276855469,146.8864631652832,221.013428912434,0.0,JST511,36000.0,3676.0,1150872.6662361303,-4197247.345886163
271,2021-05-10 01:53:50+00:00,7c6b09,-36.80058288574219,146.86677932739258,221.013428912434,0.0,JST511,36000.0,3676.0,1149000.1411656954,-4198242.375943763
272,2021-05-10 01:54:00+00:00,7c6b09,-36.81207275390625,146.8454360961914,221.013428912434,0.0,JST511,36000.0,3676.0,1146970.427283602,-4199318.8609340405
273,2021-05-10 01:54:10+00:00,7c6b09,-36.82333218849311,146.82450314785572,221.4411036584305,0.0,JST511,36000.0,3676.0,1144980.2217503139,-4200373.997109389
274,2021-05-10 01:54:20+00:00,7c6b09,-36.83371333752649,146.8051017598903,222.15464643781465,0.0,JST511,36000.0,3676.0,1143136.5843968894,-4201346.259874456
275,2021-05-10 01:54:30+00:00,7c6b09,-36.84572381488351,146.7827200382314,223.29595749695216,0.0,JST511,36000.0,3676.0,1141009.748291018,-4202472.134247923
276,2021-05-10 01:54:40+00:00,7c6b09,-36.85624462063032,146.76319288170856,224.0094991405916,0.32512,JST511,36000.0,3676.0,1139154.0463183112,-4203459.451406296
277,2021-05-10 01:54:50+00:00,7c6b09,-36.86764526367188,146.74193037317156,224.4373606629304,0.32512,JST511,36000.0,3676.0,1137134.4271057239,-4204528.802182611
278,2021-05-10 01:55:00+00:00,7c6b09,-36.87956729177705,146.7197849439538,224.7231305105757,0.32512,JST511,36025.0,3676.0,1135030.8185530417,-4205648.305103196
279,2021-05-10 01:55:10+00:00,7c6b09,-36.889892578125,146.70049789104056,225.15081134176515,0.32512,JST511,36050.0,3676.0,1133199.7252544884,-4206617.260965687
280,2021-05-10 01:55:20+00:00,7c6b09,-36.90135373907577,146.67906387992528,225.57885453759903,0.32512,JST511,36050.0,3676.0,1131165.3288197021,-4207692.979391481
281,2021-05-10 01:55:30+00:00,7c6b09,-36.91218566894531,146.65889009516292,225.57885453759903,0.0,JST511,36050.0,3676.0,1129250.4074298928,-4208710.7729699435
282,2021-05-10 01:55:40+00:00,7c6b09,-36.92411778336867,146.63655156674594,226.2922148832852,0.0,JST511,36050.0,3676.0,1127131.1100944185,-4209831.332719063
283,2021-05-10 01:55:50+00:00,7c6b09,-36.934266171212926,146.61756432574728,226.2922148832852,0.0,JST511,36050.0,3676.0,1125330.021718304,-4210784.843353518
284,2021-05-10 01:56:00+00:00,7c6b09,-36.94599733514303,146.5956513778023,226.2922148832852,0.0,JST511,36050.0,3676.0,1123251.5806184388,-4211887.7924634805
285,2021-05-10 01:56:10+00:00,7c6b09,-36.957550048828125,146.5740966796875,226.2922148832852,-0.32512,JST511,36050.0,3676.0,1121207.37485623,-4212974.6121492
286,2021-05-10 01:56:20+00:00,7c6b09,-36.968575170484655,146.55337789784306,226.7204377508556,0.0,JST511,36050.0,3676.0,1119243.7067912952,-4214010.8699445175
287,2021-05-10 01:56:30+00:00,7c6b09,-36.9807718567929,146.53050961701766,226.7204377508556,-0.32512,JST511,36050.0,3676.0,1117076.434674687,-4215158.160218777
288,2021-05-10 01:56:40+00:00,7c6b09,-36.990966796875,146.51152237601903,226.7204377508556,-0.32512,JST511,36025.0,3676.0,1115276.5632380764,-4216118.652976937
289,2021-05-10 01:56:50+00:00,7c6b09,-37.002960205078125,146.48906951254986,226.7204377508556,0.0,JST511,36025.0,3676.0,1113149.2636046617,-4217247.974818979
290,2021-05-10 01:57:00+00:00,7c6b09,-37.01447567697301,146.46745764690897,226.7204377508556,-0.32512,JST511,36025.0,3676.0,1111102.3707218987,-4218332.248117663
291,2021-05-10 01:57:10+00:00,7c6b09,-37.025299072265625,146.44711108917886,226.7204377508556,0.0,JST511,36025.0,3676.0,1109175.880359558,-4219351.446330626
292,2021-05-10 01:57:20+00:00,7c6b09,-37.03706359863281,146.42513843292886,226.4360198015112,-1.30048,JST511,36000.0,3676.0,1107094.9867230954,-4220460.952911665
293,2021-05-10 01:57:30+00:00,7c6b09,-37.04759216308594,146.40526954163897,225.2941701184572,-3.2512000000000003,JST511,35900.0,3676.0,1105214.888606691,-4221452.468044491
294,2021-05-10 01:57:40+00:00,7c6b09,-37.05897961632684,146.38392572817597,223.4393218991044,-4.8768,JST511,35750.0,3676.0,1103194.7542880436,-4222526.550566682
295,2021-05-10 01:57:50+00:00,7c6b09,-37.07001249668963,146.3631472380265,222.01343261344613,-6.827520000000001,JST511,35525.0,3676.0,1101229.0819397494,-4223566.712910401
296,2021-05-10 01:58:00+00:00,7c6b09,-37.08081261586335,146.34284641431725,221.15587960840176,-7.152640000000001,JST511,35300.0,3676.0,1099308.7266221698,-4224585.652771533
297,2021-05-10 01:58:10+00:00,7c6b09,-37.092217914128696,146.32135142450747,221.7301383708709,-7.152640000000001,JST511,35075.0,3676.0,1097276.1230055883,-4225661.598762375
298,2021-05-10 01:58:20+00:00,7c6b09,-37.102935791015625,146.30107473819814,221.7301383708709,-10.07872,JST511,34800.0,3676.0,1095359.5327570026,-4226672.402501509
299,2021-05-10 01:58:30+00:00,7c6b09,-37.11409746590312,146.27991386081862,221.7301383708709,-13.0048,JST511,34375.0,3676.0,1093359.996954251,-4227725.067339696
300,2021-05-10 01:58:40+00:00,7c6b09,-37.124432062698645,146.26032953676972,222.87243584005083,-15.93088,JST511,33900.0,3676.0,1091509.7236214227,-4228700.164057431
301,2021-05-10 01:58:50+00:00,7c6b09,-37.13593046543963,146.23847629712975,224.297584,-16.581120000000002,JST511,33350.0,3676.0,1089445.8375268877,-4229784.925201222
302,2021-05-10 01:59:00+00:00,7c6b09,-37.14798749503444,146.21566772460938,225.4397856222145,-16.581120000000002,JST511,32800.0,3676.0,1087291.5544293693,-4230923.769581346
303,2021-05-10 01:59:10+00:00,7c6b09,-37.15827941894531,146.19612024185506,227.29460999689053,-17.881600000000002,JST511,32225.0,3676.0,1085446.0814223373,-4231895.588799193
304,2021-05-10 01:59:20+00:00,7c6b09,-37.1700439453125,146.17385539602728,228.7199741841464,-18.20672,JST511,31625.0,3676.0,1083344.0072442146,-4233007.566526088
305,2021-05-10 01:59:30+00:00,7c6b09,-37.18070983886719,146.15363587724403,230.57481086186613,-18.20672,JST511,31050.0,3676.0,1081435.59603859,-4234015.796795735
306,2021-05-10 01:59:40+00:00,7c6b09,-37.19286385229077,146.1306430982507,231.71690788354584,-19.832320000000003,JST511,30400.0,3676.0,1079265.584391994,-4235165.556299014
307,2021-05-10 01:59:50+00:00,7c6b09,-37.20352431475106,146.11052139945653,231.71690788354584,-19.832320000000003,JST511,29750.0,3676.0,1077366.6515625685,-4236174.810521632
308,2021-05-10 02:00:00+00:00,7c6b09,-37.21544168763242,146.08789195185125,231.71690788354584,-16.41856,JST511,29375.0,3676.0,1075232.2376743515,-4237302.334460457
309,2021-05-10 02:00:10+00:00,7c6b09,-37.22735906051378,146.06526250424594,231.71690788354584,-13.0048,JST511,29000.0,3676.0,1073098.259602533,-4238430.31949142
310,2021-05-10 02:00:20+00:00,7c6b09,-37.238525390625,146.0440647855718,229.4327961193657,-13.0048,JST511,28650.0,3676.0,1071099.6588742454,-4239487.684088253
311,2021-05-10 02:00:30+00:00,7c6b09,-37.250335693359375,146.02174150182847,228.7199741841464,-16.581120000000002,JST511,28150.0,3676.0,1068994.8060427706,-4240607.292575538
312,2021-05-10 02:00:40+00:00,7c6b09,-37.26095581054688,146.00152198304522,228.86687912102337,-17.55648,JST511,27575.0,3676.0,1067089.5042224142,-4241613.217324777
313,2021-05-10 02:00:50+00:00,7c6b09,-37.27272033691406,145.9790233855552,230.00940245328133,-17.55648,JST511,26950.0,3676.0,1064970.4094918272,-4242727.118766643
314,2021-05-10 02:01:00+00:00,7c6b09,-37.284292447364976,145.9568919306216,230.00940245328133,-15.60576,JST511,26450.0,3676.0,1062886.3173429419,-4243823.237978103
315,2021-05-10 02:01:10+00:00,7c6b09,-37.29515075683594,145.9360715176197,229.2972188390069,-15.60576,JST511,25950.0,3676.0,1060926.3614184638,-4244851.688624495
316,2021-05-10 02:01:20+00:00,7c6b09,-37.306915283203125,145.91368979596078,229.2972188390069,-19.182080000000003,JST511,25350.0,3676.0,1058818.8676047937,-4245967.896494744
317,2021-05-10 02:01:30+00:00,7c6b09,-37.31753540039063,145.89329496343086,229.72790444625585,-19.182080000000003,JST511,24700.0,3676.0,1056899.8865544796,-4246974.310003351
318,2021-05-10 02:01:40+00:00,7c6b09,-37.32929992675781,145.87067949010972,226.8651377932831,-19.182080000000003,JST511,24050.0,3676.0,1054772.497227708,-4248089.41603782
319,2021-05-10 02:01:50+00:00,7c6b09,-37.34024823722194,145.84983493970788,226.8651377932831,-13.32992,JST511,23575.0,3676.0,1052810.974282352,-4249129.259441077
320,2021-05-10 02:02:00+00:00,7c6b09,-37.35197940115205,145.82756374193275,226.8651377932831,-13.32992,JST511,23175.0,3676.0,1050715.2576521828,-4250244.423296654
321,2021-05-10 02:02:10+00:00,7c6b09,-37.3634033203125,145.8059302796709,225.0103016963704,-15.280640000000002,JST511,22725.0,3676.0,1048679.6573679682,-4251331.263469141
322,2021-05-10 02:02:20+00:00,7c6b09,-37.37432447530455,145.78517084536347,224.297584,-11.70432,JST511,22200.0,3676.0,1046727.1055589004,-4252370.015701795
323,2021-05-10 02:02:30+00:00,7c6b09,-37.38582287804559,145.76325789741847,222.59023486765537,-11.70432,JST511,21750.0,3676.0,1044666.7657181266,-4253463.623079293
324,2021-05-10 02:02:40+00:00,7c6b09,-37.39581298828125,145.74410296500997,218.88065741253703,-14.630400000000002,JST511,21475.0,3676.0,1042866.7149381937,-4254413.161623502
325,2021-05-10 02:02:50+00:00,7c6b09,-37.40677138506357,145.72319362474525,215.88328477091213,-14.630400000000002,JST511,21100.0,3676.0,1040901.5975328244,-4255455.958084756
326,2021-05-10 02:03:00+00:00,7c6b09,-37.41801452636719,145.7016770383145,214.7407818881056,-14.630400000000002,JST511,20625.0,3676.0,1038880.1446281511,-4256525.729918834
327,2021-05-10 02:03:10+00:00,7c6b09,-37.4277198920816,145.683129352072,213.7469937230348,-14.955520000000002,JST511,20150.0,3676.0,1037137.7900389673,-4257449.732306842
328,2021-05-10 02:03:20+00:00,7c6b09,-37.4388427734375,145.66170550407247,213.0351053403804,-14.955520000000002,JST511,19650.0,3676.0,1035126.5182194208,-4258507.69199949
329,2021-05-10 02:03:30+00:00,7c6b09,-37.44843563791051,145.64324420431387,212.6042140584136,-13.0048,JST511,19200.0,3676.0,1033393.597108821,-4259420.580898067
330,2021-05-10 02:03:40+00:00,7c6b09,-37.45953369140625,145.6219677214927,211.16845275990457,-12.67968,JST511,18825.0,3676.0,1031396.341159799,-4260477.758018513
331,2021-05-10 02:03:50+00:00,7c6b09,-37.46933759269069,145.60395613960597,209.08082641750343,-12.67968,JST511,18450.0,3676.0,1029701.6628955217,-4261418.416368897
332,2021-05-10 02:04:00+00:00,7c6b09,-37.48095703125,145.58380776263297,206.8167254381529,-13.98016,JST511,18025.0,3676.0,1027799.5819751959,-4262543.45526383
333,2021-05-10 02:04:10+00:00,7c6b09,-37.49244689941406,145.564347936752,205.4693457730468,-13.98016,JST511,17525.0,3676.0,1025960.1249190815,-4263660.105957966
334,2021-05-10 02:04:20+00:00,7c6b09,-37.50280865168168,145.54699441661006,203.10376818463803,-13.98016,JST511,17075.0,3676.0,1024318.894747927,-4264669.018849949
335,2021-05-10 02:04:30+00:00,7c6b09,-37.51426050218487,145.52806688391644,200.84212649497044,-15.280640000000002,JST511,16625.0,3676.0,1022527.6012162174,-4265786.450433152
336,2021-05-10 02:04:40+00:00,7c6b09,-37.52482786016952,145.51057235054347,196.41859972405533,-15.280640000000002,JST511,16150.0,3676.0,1020872.4201715244,-4266817.642151085
337,2021-05-10 02:04:50+00:00,7c6b09,-37.53561401367188,145.49264461436172,193.6367489349609,-17.231360000000002,JST511,15600.0,3676.0,1019177.0041282858,-4267869.9070564695
338,2021-05-10 02:05:00+00:00,7c6b09,-37.5461953373279,145.47486678413722,191.58118350121487,-18.85696,JST511,15050.0,3676.0,1017497.243199669,-4268900.94117073
339,2021-05-10 02:05:10+00:00,7c6b09,-37.55598449707031,145.45822468209775,190.2504055811316,-17.881600000000002,JST511,14400.0,3676.0,1015926.2519241885,-4269853.473870851
340,2021-05-10 02:05:20+00:00,7c6b09,-37.56610107421875,145.4408101832613,190.05903648806768,-17.881600000000002,JST511,13775.0,3676.0,1014283.9198758269,-4270836.39636053
341,2021-05-10 02:05:30+00:00,7c6b09,-37.57608187400689,145.42351764181387,187.90379601884587,-17.881600000000002,JST511,13175.0,3676.0,1012654.032016236,-4271805.502531139
342,2021-05-10 02:05:40+00:00,7c6b09,-37.58632336632684,145.40572456691575,185.3319763894395,-18.20672,JST511,12625.0,3676.0,1010977.5467841518,-4272799.816436224
343,2021-05-10 02:05:50+00:00,7c6b09,-37.595447604939125,145.38990186608356,183.78039390252013,-18.20672,JST511,12075.0,3676.0,1009486.7926930235,-4273686.142269637
344,2021-05-10 02:06:00+00:00,7c6b09,-37.60513047040519,145.37312383237094,182.34336773308507,-19.832320000000003,JST511,11450.0,3676.0,1007906.2109482449,-4274627.094322984
345,2021-05-10 02:06:10+00:00,7c6b09,-37.61574438062769,145.3547933827276,181.9270672542933,-20.15744,JST511,10750.0,3676.0,1006179.3336398847,-4275659.309694959
346,2021-05-10 02:06:20+00:00,7c6b09,-37.62477551476434,145.33914980681047,180.4899482675102,-17.231360000000002,JST511,10175.0,3676.0,1004706.1048916224,-4276537.471206555
347,2021-05-10 02:06:30+00:00,7c6b09,-37.63422561904133,145.322730022928,178.22050930907525,-17.231360000000002,JST511,9650.0,3676.0,1003160.3182953538,-4277456.21223947
348,2021-05-10 02:06:40+00:00,7c6b09,-37.6430705442267,145.30744469684103,176.78319962431942,-14.630400000000002,JST511,9050.0,3676.0,1001721.0812947615,-4278317.005026321
349,2021-05-10 02:06:50+00:00,7c6b09,-37.653125827595375,145.2900098717731,176.89843462930617,-14.630400000000002,JST511,8550.0,3676.0,1000080.0568341693,-4279295.393738788
350,2021-05-10 02:07:00+00:00,7c6b09,-37.662762140823645,145.2731124214504,176.89843462930617,-12.35456,JST511,7600.0,3676.0,998490.9757685958,-4280231.778351982
351,2021-05-10 02:07:10+00:00,7c6b09,-37.67118809586867,145.25854359502378,176.4812869962993,-8.45312,JST511,7600.0,3676.0,997119.9246596362,-4281052.401716491
352,2021-05-10 02:07:20+00:00,7c6b09,-37.680999755859375,145.24142001537567,176.4812869962993,-4.55168,JST511,7600.0,3676.0,995509.6220693017,-4282006.972213973
353,2021-05-10 02:07:30+00:00,7c6b09,-37.689788818359375,145.22605084358378,173.90946626811916,-4.55168,JST511,3250.0,3676.0,994064.7110487617,-4282862.045615078
354,2021-05-10 02:07:40+00:00,7c6b09,-37.6995849609375,145.20904541015625,173.90946626811916,-4.55168,JST511,3250.0,3676.0,992465.5177923781,-4283816.338766194
355,2021-05-10 02:07:50+00:00,7c6b09,-37.708104020458165,145.1942377505095,173.90946626811916,-4.8768,JST511,3250.0,3676.0,991073.3354070366,-4284646.291284937
356,2021-05-10 02:08:00+00:00,7c6b09,-37.71771240234375,145.1774304978391,170.20245822321888,-4.55168,JST511,3250.0,3676.0,989494.011737417,-4285581.776591677
357,2021-05-10 02:08:10+00:00,7c6b09,-37.72733009467692,145.16074139138928,166.49557047027162,-4.55168,JST511,3250.0,3676.0,987925.2911327754,-4286519.486367327
358,2021-05-10 02:08:20+00:00,7c6b09,-37.73533630371094,145.146867468002,162.7888112268345,-3.90144,JST511,3250.0,3676.0,986621.2813333683,-4287300.423838122
359,2021-05-10 02:08:30+00:00,7c6b09,-37.74399579581569,145.1317828634511,159.49838236075624,-3.90144,JST511,3250.0,3676.0,985204.1342129793,-4288144.668002997
360,2021-05-10 02:08:40+00:00,7c6b09,-37.751953125,145.11788226188497,156.2081060839648,-3.2512000000000003,JST511,3250.0,3676.0,983898.6313801878,-4288920.33486112
361,2021-05-10 02:08:50+00:00,7c6b09,-37.76056839247883,145.10288404381794,152.50119487386038,-3.2512000000000003,JST511,3250.0,3676.0,982489.9555331513,-4289760.742050327
362,2021-05-10 02:09:00+00:00,7c6b09,-37.76885469081037,145.08849434230638,149.21093266267724,-3.2512000000000003,JST511,3250.0,3676.0,981138.4302137535,-4290569.534651591
363,2021-05-10 02:09:10+00:00,7c6b09,-37.77598571777344,145.07604071434508,145.920841313933,-3.5763200000000004,JST511,3250.0,3676.0,979969.3016128201,-4291265.172369343
364,2021-05-10 02:09:20+00:00,7c6b09,-37.78370485467428,145.06264064622962,139.94389788791793,-4.55168,JST511,3250.0,3676.0,978711.0322392246,-4292018.97011839
365,2021-05-10 02:09:30+00:00,7c6b09,-37.79067993164063,145.05056178316158,135.21659248724086,-7.477760000000001,JST511,3250.0,3676.0,977576.8029471607,-4292700.4809132945
366,2021-05-10 02:09:40+00:00,7c6b09,-37.79795837402344,145.03776387965425,133.138663784308,-6.502400000000001,JST511,3250.0,3676.0,976376.3004125484,-4293410.271706239
367,2021-05-10 02:09:50+00:00,7c6b09,-37.8043740482654,145.02603945524797,133.138663784308,-6.502400000000001,JST511,3250.0,3676.0,975279.0966485683,-4294032.60849661
368,2021-05-10 02:10:00+00:00,7c6b09,-37.81131033170021,145.01284391983697,130.17059798753482,-7.152640000000001,JST511,3250.0,3676.0,974047.1479803635,-4294701.557828872
369,2021-05-10 02:10:10+00:00,7c6b09,-37.81563968981726,144.9986333432405,125.29748047337849,-9.42848,JST511,3250.0,3676.0,972751.2436026083,-4295072.911646336
370,2021-05-10 02:10:20+00:00,7c6b09,-37.81782531738281,144.98598788646942,126.11749684747792,-12.35456,JST511,3250.0,3676.0,971614.3934097915,-4295218.133642732
371,2021-05-10 02:10:30+00:00,7c6b09,-37.82011413574219,144.97155372132647,126.11749684747792,-12.35456,JST511,3250.0,3676.0,970318.7872973722,-4295361.1375219
372,2021-05-10 02:10:40+00:00,7c6b09,-37.822265625,144.95893113156583,121.87872155608382,-8.77824,JST511,3250.0,3676.0,969184.3672273002,-4295502.992747932
373,2021-05-10 02:10:50+00:00,7c6b09,-37.8160400390625,144.94414633892953,121.87872155608382,-4.8768,JST511,3250.0,3676.0,967940.5857383269,-4294696.721081839
374,2021-05-10 02:11:00+00:00,7c6b09,-37.8160400390625,144.93029655294217,116.33375046016369,-1.95072,JST511,3250.0,3676.0,966718.7519453914,-4294590.115085445
375,2021-05-10 02:11:10+00:00,7c6b09,-37.8160400390625,144.9186242145041,110.37551574972362,-0.32512,JST511,3250.0,3676.0,965689.0043491302,-4294500.374125561
376,2021-05-10 02:11:20+00:00,7c6b09,-37.8160400390625,144.90608547044835,104.78758315207313,0.0,JST511,3250.0,3676.0,964582.812136631,-4294404.07849654
377,2021-05-10 02:11:30+00:00,7c6b09,-37.8160400390625,144.8949797257133,98.95527918222454,0.0,JST511,3250.0,3676.0,963603.0338720197,-4294318.880252351
378,2021-05-10 02:11:40+00:00,7c6b09,-37.8160400390625,144.88423223080844,91.7154248992972,0.0,JST511,3200.0,3676.0,962654.85419275,-4294236.51277879
379,2021-05-10 02:11:50+00:00,7c6b09,-37.8160400390625,144.87497744352922,87.49329858771355,-2.60096,JST511,3200.0,3676.0,961838.3604935801,-4294165.6502099
380,2021-05-10 02:12:00+00:00,7c6b09,-37.8160400390625,144.86823040506115,86.14441201246566,-3.5763200000000004,JST511,3075.0,3676.0,961243.1069604981,-4294114.027008247
381,2021-05-10 02:12:10+00:00,7c6b09,-37.8160400390625,144.86554734250333,86.14441201246566,-3.90144,JST511,2950.0,3676.0,961006.3945613761,-4294093.5071374215
382,2021-05-10 02:12:20+00:00,7c6b09,-37.80825805664063,144.86426170836106,86.14441201246566,-4.22656,JST511,2825.0,3676.0,960967.9733723688,-4293218.241682055
383,2021-05-10 02:12:30+00:00,7c6b09,-37.80055676476434,144.86279694930366,83.30975452545519,-4.8768,JST511,2725.0,3676.0,960912.948938735,-4292350.603860729
384,2021-05-10 02:12:40+00:00,7c6b09,-37.79351806640625,144.86139825049867,81.86774598625028,-4.8768,JST511,2575.0,3676.0,960857.3478270412,-4291557.176953224
385,2021-05-10 02:12:50+00:00,7c6b09,-37.78628540039063,144.85987886469417,80.85285766309275,-4.8768,JST511,2450.0,3676.0,960792.9452182085,-4290741.277960826
386,2021-05-10 02:13:00+00:00,7c6b09,-37.77872376522777,144.8584382430367,79.0856218561319,-3.90144,JST511,2275.0,3676.0,960738.6413261592,-4289889.421668086
387,2021-05-10 02:13:10+00:00,7c6b09,-37.77281163102492,144.85730378524116,75.37262989330661,-4.55168,JST511,2150.0,3676.0,960695.4539776117,-4289223.34395666
388,2021-05-10 02:13:20+00:00,7c6b09,-37.76545637744971,144.85593049422553,71.81055966022657,-3.90144,JST511,2000.0,3676.0,960645.0679343013,-4288394.990879278
389,2021-05-10 02:13:30+00:00,7c6b09,-37.759637347722446,144.85485574473506,67.66454377332933,-3.90144,JST511,1900.0,3676.0,960606.2256184344,-4287739.753034798
390,2021-05-10 02:13:40+00:00,7c6b09,-37.753509521484375,144.85368444564494,64.02709758623016,-3.90144,JST511,1825.0,3676.0,960561.820233835,-4287049.456391284
391,2021-05-10 02:13:50+00:00,7c6b09,-37.74813894498146,144.85264653744906,63.5187321282338,-3.90144,JST511,1700.0,3676.0,960521.8883725734,-4286444.389060244
392,2021-05-10 02:14:00+00:00,7c6b09,-37.74236646749205,144.85151207965353,63.5187321282338,-3.90144,JST511,1575.0,3676.0,960477.2892333205,-4285793.910698714
393,2021-05-10 02:14:10+00:00,7c6b09,-37.736572265625,144.85041192237367,64.53555938173336,-3.90144,JST511,1475.0,3676.0,960435.9149301368,-4285141.292393285
394,2021-05-10 02:14:20+00:00,7c6b09,-37.73124048265362,144.8494222889776,64.96879852737054,-3.90144,JST511,1350.0,3676.0,960399.8380332822,-4284540.943132535
395,2021-05-10 02:14:30+00:00,7c6b09,-37.72480773925781,144.84819128158244,64.6154770720571,-3.5763200000000004,JST511,1250.0,3676.0,960353.0282919261,-4283816.359737189
396,2021-05-10 02:14:40+00:00,7c6b09,-37.71969552767479,144.8472727899966,64.76684469545819,-4.22656,JST511,1150.0,3676.0,960321.09869667,-4283240.989620016
397,2021-05-10 02:14:50+00:00,7c6b09,-37.71336364746094,144.84614595453792,64.76684469545819,-3.90144,JST511,1025.0,3676.0,960282.4913953764,-4282528.4447656805
398,2021-05-10 02:15:00+00:00,7c6b09,-37.70777815479346,144.84512329101562,64.78727265518252,-3.5763200000000004,JST511,900.0,3676.0,960245.8923160606,-4281899.687230402
399,2021-05-10 02:15:10+00:00,7c6b09,-37.701912572828405,144.84386941661006,65.04411525547947,-3.2512000000000003,JST511,800.0,3676.0,960191.5532754438,-4281238.038612186
400,2021-05-10 02:15:20+00:00,7c6b09,-37.69615173339844,144.84287343126664,65.04411525547947,-3.90144,JST511,675.0,3676.0,960158.9727669394,-4280590.017734606
401,2021-05-10 02:15:30+00:00,7c6b09,-37.69084167480469,144.84187998670214,65.04411525547947,-3.5763200000000004,JST511,575.0,3676.0,960122.2714982306,-4279992.139494935
