,timestamp,icao24,latitude,longitude,groundspeed,vertical_rate,callsign,altitude,squawk,x,y
0,2022-04-25 07:21:40+00:00,7c6d9d,-33.95864712989936,151.17902755737305,86.16284322446116,12.67968,QFA473,125.0,4347.0,1574884.6174818224,-3932371.5400060294
1,2022-04-25 07:21:50+00:00,7c6d9d,-33.96661376953125,151.18056316764986,88.26425915327466,12.02944,QFA473,500.0,4347.0,1574904.694357736,-3933261.78279461
2,2022-04-25 07:22:00+00:00,7c6d9d,-33.974754204184364,151.18005752563477,89.9394663623364,12.67968,QFA473,875.0,4347.0,1574736.1978410815,-3934145.462431166
3,2022-04-25 07:22:10+00:00,7c6d9d,-33.98277282714844,151.179161850287,95.06084378885303,8.77824,QFA473,1175.0,4347.0,1574534.013183515,-3935010.9548666407
4,2022-04-25 07:22:20+00:00,7c6d9d,-33.9920654296875,151.17815290178572,103.21751904836124,8.77824,QFA473,1450.0,4347.0,1574302.3624823724,-3936014.3416142548
5,2022-04-25 07:22:30+00:00,7c6d9d,-34.001953125,151.17720000597896,113.55586599565196,15.280640000000002,QFA473,1650.0,4347.0,1574066.8799431704,-3937083.5233890517
6,2022-04-25 07:22:40+00:00,7c6d9d,-34.01283393471931,151.17633819580078,121.65376966586057,15.280640000000002,QFA473,1950.0,4347.0,1573824.7693146262,-3938262.4645611257
7,2022-04-25 07:22:50+00:00,7c6d9d,-34.02395991955774,151.17656707763672,128.32877502967423,15.280640000000002,QFA473,2300.0,4347.0,1573678.2875721208,-3939481.905230131
8,2022-04-25 07:23:00+00:00,7c6d9d,-34.03546142578125,151.17854527064733,130.77000529269614,15.280640000000002,QFA473,2800.0,4347.0,1573685.4003159893,-3940764.3442279994
9,2022-04-25 07:23:10+00:00,7c6d9d,-34.04722595214844,151.18207659040178,132.92380835041416,17.231360000000002,QFA473,3375.0,4347.0,1573829.8863298695,-3942095.025805555
10,2022-04-25 07:23:20+00:00,7c6d9d,-34.058624267578125,151.1857760682398,133.64657100123685,19.182080000000003,QFA473,4025.0,4347.0,1573995.1097290313,-3943387.801204739
11,2022-04-25 07:23:30+00:00,7c6d9d,-34.07009318723516,151.1894989013672,134.41172466704325,18.85696,QFA473,4625.0,4347.0,1574161.3165079923,-3944688.623369086
12,2022-04-25 07:23:40+00:00,7c6d9d,-34.08215021682997,151.1935043334961,135.04424467978123,18.85696,QFA473,5275.0,4347.0,1574344.3034384937,-3946057.3348299707
13,2022-04-25 07:23:50+00:00,7c6d9d,-34.09428405761719,151.1974910813935,135.67771712706826,18.531840000000003,QFA473,5900.0,4347.0,1574524.3428511447,-3947434.2499153586
14,2022-04-25 07:24:00+00:00,7c6d9d,-34.10575220140362,151.20134353637695,136.6689013877388,18.531840000000003,QFA473,6475.0,4347.0,1574702.1021044652,-3948736.716298194
15,2022-04-25 07:24:10+00:00,7c6d9d,-34.11749267578125,151.20528240593111,136.6689013877388,18.531840000000003,QFA473,7100.0,4347.0,1574883.5354718259,-3950070.0837967712
16,2022-04-25 07:24:20+00:00,7c6d9d,-34.129486083984375,151.2092621472417,139.42286616634735,17.231360000000002,QFA473,7600.0,4347.0,1575064.7872002146,-3951431.6627128436
17,2022-04-25 07:24:30+00:00,7c6d9d,-34.14215605137713,151.18964370416137,142.17746820799988,17.231360000000002,QFA473,8150.0,4347.0,1573089.7028717026,-3952571.6842917893
18,2022-04-25 07:24:40+00:00,7c6d9d,-34.15516662597656,151.18964370416137,145.47490329558647,17.231360000000002,QFA473,8650.0,4347.0,1572893.8297071683,-3953994.7456965726
19,2022-04-25 07:24:50+00:00,7c6d9d,-34.167620125463486,151.18964370416137,149.14440478570023,15.93088,QFA473,9100.0,4347.0,1572706.3375865677,-3955356.9169830866
20,2022-04-25 07:25:00+00:00,7c6d9d,-34.1792581849179,151.18964370416137,152.48123631281655,14.955520000000002,QFA473,9575.0,4347.0,1572531.1171938786,-3956629.9314808073
21,2022-04-25 07:25:10+00:00,7c6d9d,-34.189727783203125,151.18964370416137,154.65268201006967,15.93088,QFA473,10100.0,4347.0,1572373.4847706293,-3957775.1655316367
22,2022-04-25 07:25:20+00:00,7c6d9d,-34.200067035222446,151.17828369140625,158.8041215786588,9.42848,QFA473,10475.0,4347.0,1571185.2707352533,-3958764.096105783
23,2022-04-25 07:25:30+00:00,7c6d9d,-34.211099915585294,151.1663818359375,167.25760420029005,10.07872,QFA473,10650.0,4347.0,1569937.5689589444,-3959822.287419443
24,2022-04-25 07:25:40+00:00,7c6d9d,-34.22236633300781,151.15438655931123,174.22267171888427,10.07872,QFA473,10875.0,4347.0,1568678.0782297489,-3960905.027520693
25,2022-04-25 07:25:50+00:00,7c6d9d,-34.23442258673202,151.14154815673828,178.19452038816013,11.05408,QFA473,11250.0,4347.0,1567330.330913401,-3962063.834133894
26,2022-04-25 07:26:00+00:00,7c6d9d,-34.24699169094282,151.12821578979492,185.15982336563724,9.10336,QFA473,11450.0,4347.0,1565930.255745133,-3963272.791108317
27,2022-04-25 07:26:10+00:00,7c6d9d,-34.2593994140625,151.11503756776148,191.74067025296583,9.10336,QFA473,11650.0,4347.0,1564546.8724627614,-3964466.2197161457
28,2022-04-25 07:26:20+00:00,7c6d9d,-34.27231610831569,151.10126495361328,194.94169634925632,12.02944,QFA473,12025.0,4347.0,1563102.131965519,-3965708.152032103
29,2022-04-25 07:26:30+00:00,7c6d9d,-34.28600246623415,151.0865020751953,196.7369995988045,12.35456,QFA473,12475.0,4347.0,1561556.2107978833,-3967022.2236854024
30,2022-04-25 07:26:40+00:00,7c6d9d,-34.2989501953125,151.0726056780134,199.29974873008888,12.35456,QFA473,12900.0,4347.0,1560100.3530234087,-3968266.4781253324
31,2022-04-25 07:26:50+00:00,7c6d9d,-34.31304931640625,151.05747145049426,202.97342221328384,13.32992,QFA473,13250.0,4347.0,1558515.170561598,-3969621.611655429
32,2022-04-25 07:27:00+00:00,7c6d9d,-34.326507568359375,151.04300985530932,205.4944610079312,13.32992,QFA473,13650.0,4347.0,1557000.972684877,-3970915.209873127
33,2022-04-25 07:27:10+00:00,7c6d9d,-34.340235823291835,151.02819442749023,206.947208382486,13.65504,QFA473,14075.0,4347.0,1555450.9347078463,-3972234.225241702
34,2022-04-25 07:27:20+00:00,7c6d9d,-34.35420149463721,151.01308822631836,208.7051819345858,14.630400000000002,QFA473,14500.0,4347.0,1553871.2878902869,-3973575.8883007253
35,2022-04-25 07:27:30+00:00,7c6d9d,-34.36849303164723,150.9975814819336,209.8137007567045,14.630400000000002,QFA473,15000.0,4347.0,1552250.7698857805,-3974948.5396395815
36,2022-04-25 07:27:40+00:00,7c6d9d,-34.38240051269531,150.98241689253828,210.5037964188699,15.60576,QFA473,15475.0,4347.0,1550667.3744459373,-3976283.6535385074
37,2022-04-25 07:27:50+00:00,7c6d9d,-34.396284717624496,150.9671974182129,210.5037964188699,16.581120000000002,QFA473,15975.0,4347.0,1549079.6824601758,-3977615.810860059
38,2022-04-25 07:28:00+00:00,7c6d9d,-34.41006418001854,150.95209121704102,211.6116478420797,13.32992,QFA473,16425.0,4347.0,1547504.1626116764,-3978938.1654883507
39,2022-04-25 07:28:10+00:00,7c6d9d,-34.4249267578125,150.93589315609057,211.6116478420797,13.32992,QFA473,16900.0,4347.0,1545813.8425993868,-3980365.9344242695
40,2022-04-25 07:28:20+00:00,7c6d9d,-34.438973119703405,150.92056274414062,212.7199502266184,13.32992,QFA473,17325.0,4347.0,1544214.717948658,-3981715.305855099
41,2022-04-25 07:28:30+00:00,7c6d9d,-34.4527587890625,150.90545654296875,213.4465291367,14.305280000000002,QFA473,17775.0,4347.0,1542640.137209395,-3983039.1596664963
42,2022-04-25 07:28:40+00:00,7c6d9d,-34.4674072265625,150.8895375777264,214.8997063381707,12.35456,QFA473,18175.0,4347.0,1540979.407577583,-3984447.7834244017
43,2022-04-25 07:28:50+00:00,7c6d9d,-34.48210144042969,150.87356255978955,216.00829099787464,12.67968,QFA473,18600.0,4347.0,1539313.2918563087,-3985861.0294209756
44,2022-04-25 07:29:00+00:00,7c6d9d,-34.49601745605469,150.85842833227042,216.00829099787464,12.35456,QFA473,18950.0,4347.0,1537735.2847298093,-3987199.6414486445
45,2022-04-25 07:29:10+00:00,7c6d9d,-34.51126874503444,150.84182739257812,216.00829099787464,14.305280000000002,QFA473,19400.0,4347.0,1536004.9330824125,-3988666.825906945
46,2022-04-25 07:29:20+00:00,7c6d9d,-34.52518786414197,150.82672119140625,216.00829099787464,14.630400000000002,QFA473,19900.0,4347.0,1534430.128418864,-3990006.6811917285
47,2022-04-25 07:29:30+00:00,7c6d9d,-34.539106983249496,150.81144332885742,214.799930303322,14.630400000000002,QFA473,20375.0,4347.0,1532840.1025923819,-3991344.709716201
48,2022-04-25 07:29:40+00:00,7c6d9d,-34.55353817697301,150.79376220703125,212.5407190804243,15.60576,QFA473,20900.0,4347.0,1531025.0861035902,-3992709.8178110057
49,2022-04-25 07:29:50+00:00,7c6d9d,-34.56573486328125,150.77682495117188,209.2623885938136,18.20672,QFA473,21450.0,4347.0,1529310.75054002,-3993839.556451246
50,2022-04-25 07:30:00+00:00,7c6d9d,-34.57704162597656,150.75927111567285,205.1619183676785,19.5072,QFA473,22075.0,4347.0,1527553.9546267756,-3994864.611575561
51,2022-04-25 07:30:10+00:00,7c6d9d,-34.587799072265625,150.74144635881697,201.3685225608276,13.32992,QFA473,22725.0,4347.0,1525780.9895969187,-3995826.5046900506
52,2022-04-25 07:30:20+00:00,7c6d9d,-34.598321429753696,150.72406768798828,202.80645712578576,13.32992,QFA473,23250.0,4347.0,1524052.182795637,-3996768.3586754757
53,2022-04-25 07:30:30+00:00,7c6d9d,-34.60926818847656,150.70590895049426,202.80645712578576,8.77824,QFA473,23575.0,4347.0,1522246.782999561,-3997747.551129491
54,2022-04-25 07:30:40+00:00,7c6d9d,-34.61987511586335,150.68830490112305,202.80645712578576,8.77824,QFA473,23825.0,4347.0,1520496.9080441494,-3998696.538852896
55,2022-04-25 07:30:50+00:00,7c6d9d,-34.6309079962262,150.67010879516602,203.6373143770333,8.77824,QFA473,24100.0,4347.0,1518687.4759951185,-3999685.3406505142
56,2022-04-25 07:31:00+00:00,7c6d9d,-34.64103698730469,150.65310731226086,204.8869706162255,8.77824,QFA473,24375.0,4347.0,1516999.7439250818,-4000589.839395348
57,2022-04-25 07:31:10+00:00,7c6d9d,-34.65220642089844,150.63444176498726,205.9068134866264,8.45312,QFA473,24675.0,4347.0,1515146.4146645044,-4001588.5610144474
58,2022-04-25 07:31:20+00:00,7c6d9d,-34.66321524927173,150.61609268188477,206.3234727231141,9.7536,QFA473,25000.0,4347.0,1513324.4056330358,-4002573.827957722
59,2022-04-25 07:31:30+00:00,7c6d9d,-34.67420157739673,150.5978965759277,207.6468307941085,8.77824,QFA473,25275.0,4347.0,1511516.8897330062,-4003558.792325714
60,2022-04-25 07:31:40+00:00,7c6d9d,-34.68523445775952,150.57964324951172,207.6468307941085,10.40384,QFA473,25625.0,4347.0,1509703.8292004077,-4004548.4897373007
61,2022-04-25 07:31:50+00:00,7c6d9d,-34.69633483886719,150.56118089325574,207.6468307941085,9.7536,QFA473,25925.0,4347.0,1507871.1813624871,-4005543.3978163535
62,2022-04-25 07:32:00+00:00,7c6d9d,-34.70711400953394,150.54336547851562,210.2188399400929,3.2512000000000003,QFA473,26050.0,4347.0,1506102.0719003268,-4006511.180362375
63,2022-04-25 07:32:10+00:00,7c6d9d,-34.71861241227492,150.52431106567383,213.206473243728,3.2512000000000003,QFA473,26150.0,4347.0,1504210.7006499385,-4007543.2725183736
64,2022-04-25 07:32:20+00:00,7c6d9d,-34.72966003417969,150.50591293646366,216.19444067570245,3.2512000000000003,QFA473,26225.0,4347.0,1502385.591083548,-4008534.1471369914
65,2022-04-25 07:32:30+00:00,7c6d9d,-34.74114990234375,150.4867429149394,216.19444067570245,13.98016,QFA473,26550.0,4347.0,1500484.554727219,-4009564.6094546015
66,2022-04-25 07:32:40+00:00,7c6d9d,-34.75236511230469,150.46813342036037,216.19444067570245,13.98016,QFA473,27075.0,4347.0,1498638.547976409,-4010571.998910188
67,2022-04-25 07:32:50+00:00,7c6d9d,-34.76409394862287,150.4486083984375,216.19444067570245,8.128,QFA473,27425.0,4347.0,1496702.6249197822,-4011625.1267321985
68,2022-04-25 07:33:00+00:00,7c6d9d,-34.77503372451008,150.43041229248047,216.19444067570245,2.92608,QFA473,27500.0,4347.0,1494898.654534392,-4012607.9177634222
69,2022-04-25 07:33:10+00:00,7c6d9d,-34.78660583496094,150.4109596719547,218.88126197089952,2.92608,QFA473,27575.0,4347.0,1492972.229868194,-4013645.4290515585
70,2022-04-25 07:33:20+00:00,7c6d9d,-34.79835639565681,150.39127349853516,223.19163463658924,7.152640000000001,QFA473,27700.0,4347.0,1491022.4661622115,-4014700.097936442
71,2022-04-25 07:33:30+00:00,7c6d9d,-34.80966858944652,150.37233352661133,223.19163463658924,7.152640000000001,QFA473,27975.0,4347.0,1489146.8484727698,-4015715.9116065935
72,2022-04-25 07:33:40+00:00,7c6d9d,-34.82177217127912,150.35207748413086,223.19163463658924,6.827520000000001,QFA473,28075.0,4347.0,1487141.1952107132,-4016803.2767941407
73,2022-04-25 07:33:50+00:00,7c6d9d,-34.833709716796875,150.3320935307717,223.6080422749489,6.827520000000001,QFA473,28300.0,4347.0,1485162.9084521986,-4017876.0422000936
74,2022-04-25 07:34:00+00:00,7c6d9d,-34.84565346927968,150.31208038330078,224.7431502312448,6.827520000000001,QFA473,28475.0,4347.0,1483182.2667479662,-4018949.526240892
75,2022-04-25 07:34:10+00:00,7c6d9d,-34.85733808097194,150.29251098632812,225.87841222211512,6.827520000000001,QFA473,28650.0,4347.0,1481245.8222833278,-4020000.202519736
76,2022-04-25 07:34:20+00:00,7c6d9d,-34.86964416503906,150.27194898955676,225.87841222211512,7.80288,QFA473,28925.0,4347.0,1479211.131821858,-4021107.7256438104
77,2022-04-25 07:34:30+00:00,7c6d9d,-34.88104248046875,150.25277896803252,226.24542936035644,8.45312,QFA473,29175.0,4347.0,1477315.605328611,-4022132.445720488
78,2022-04-25 07:34:40+00:00,7c6d9d,-34.8933695130429,150.23283004760742,226.24542936035644,9.42848,QFA473,29450.0,4347.0,1475336.7910087204,-4023250.246227051
79,2022-04-25 07:34:50+00:00,7c6d9d,-34.90682310977223,150.21514892578125,228.4641112488316,9.42848,QFA473,29725.0,4347.0,1473547.2715303788,-4024518.6041873572
80,2022-04-25 07:35:00+00:00,7c6d9d,-34.92301940917969,150.19874417051977,230.98764749865583,9.42848,QFA473,30000.0,4347.0,1471834.4635212242,-4026103.1290891394
81,2022-04-25 07:35:10+00:00,7c6d9d,-34.9404338254767,150.18510818481445,233.4793764857509,9.42848,QFA473,30250.0,4347.0,1470354.9202357314,-4027854.0172738344
82,2022-04-25 07:35:20+00:00,7c6d9d,-34.95961334745766,150.1732635498047,234.67895543316533,6.827520000000001,QFA473,30525.0,4347.0,1469012.5121490152,-4029819.784222874
83,2022-04-25 07:35:30+00:00,7c6d9d,-34.97840881347656,150.1621417610013,234.67895543316533,4.8768,QFA473,30700.0,4347.0,1467741.2052012489,-4031752.111513124
84,2022-04-25 07:35:40+00:00,7c6d9d,-34.99704134666314,150.15117645263672,234.67895543316533,4.8768,QFA473,36000.0,4347.0,1466486.6787158197,-4033668.6247837767
85,2022-04-25 07:35:50+00:00,7c6d9d,-35.01691915221136,150.13938903808594,233.9911648351577,4.8768,QFA473,36000.0,4347.0,1465140.616398923,-4035712.4419848532
86,2022-04-25 07:36:00+00:00,7c6d9d,-35.03507995605469,150.12862224968111,233.7665462104169,8.128,QFA473,36000.0,4347.0,1463911.3790082624,-4037579.981796864
87,2022-04-25 07:36:10+00:00,7c6d9d,-35.05476612155724,150.11707305908203,233.30361533663137,8.128,QFA473,36000.0,4347.0,1462590.2584516578,-4039606.0519923503
88,2022-04-25 07:36:20+00:00,7c6d9d,-35.073028564453125,150.10631327726404,232.61630907545648,7.80288,QFA473,36000.0,4347.0,1461360.8771549817,-4041485.2950971173
89,2022-04-25 07:36:30+00:00,7c6d9d,-35.09149583719545,150.09544372558594,232.1533645252653,7.80288,QFA473,36000.0,4347.0,1460119.016868186,-4043385.971853307
90,2022-04-25 07:36:40+00:00,7c6d9d,-35.11086156812769,150.08405685424805,231.9292482140842,7.80288,QFA473,36000.0,4347.0,1458818.126609994,-4045379.500470036
91,2022-04-25 07:36:50+00:00,7c6d9d,-35.129791259765625,150.07296192402742,231.242434939889,7.152640000000001,QFA473,36000.0,4347.0,1457550.0807241464,-4047328.800312135
92,2022-04-25 07:37:00+00:00,7c6d9d,-35.148382671808804,150.06208419799805,231.0197260932384,7.477760000000001,QFA473,36000.0,4347.0,1456306.7353631598,-4049243.7204257525
93,2022-04-25 07:37:10+00:00,7c6d9d,-35.16709667141157,150.05109786987305,230.7790279465571,6.502400000000001,QFA473,36000.0,4347.0,1455052.1994062606,-4051171.075599449
94,2022-04-25 07:37:20+00:00,7c6d9d,-35.185638427734375,150.040283203125,230.7790279465571,6.827520000000001,QFA473,36000.0,4347.0,1453815.899241949,-4053081.7414363013
95,2022-04-25 07:37:30+00:00,7c6d9d,-35.20415225271455,150.02941131591797,230.7790279465571,5.8521600000000005,QFA473,36000.0,4347.0,1452575.1617268564,-4054988.9104856104
96,2022-04-25 07:37:40+00:00,7c6d9d,-35.222991943359375,150.0182544941805,231.2195441820681,5.52704,QFA473,36000.0,4347.0,1451304.4897991992,-4056928.8061355078
97,2022-04-25 07:37:50+00:00,7c6d9d,-35.24162292480469,150.00703811645508,231.2195441820681,5.20192,QFA473,36000.0,4347.0,1450031.7296611925,-4058845.3369530956
98,2022-04-25 07:38:00+00:00,7c6d9d,-35.26029968261719,149.99576568603516,231.4477781504688,4.55168,QFA473,36000.0,4347.0,1448753.6171143411,-4060766.4905941235
99,2022-04-25 07:38:10+00:00,7c6d9d,-35.27914790783899,149.98429968001994,232.36701443261416,3.90144,QFA473,36000.0,4347.0,1447456.0044041025,-4062704.4911800115
100,2022-04-25 07:38:20+00:00,7c6d9d,-35.298431396484375,149.9725341796875,233.057327042292,4.55168,QFA473,36000.0,4347.0,1446125.6645265787,-4064687.1054938845
101,2022-04-25 07:38:30+00:00,7c6d9d,-35.316925048828125,149.96137619018555,230.74748935872583,3.5763200000000004,QFA473,36000.0,4347.0,1444861.4703209451,-4066590.204338966
102,2022-04-25 07:38:40+00:00,7c6d9d,-35.33573913574219,149.9498748779297,230.74748935872583,4.55168,QFA473,36000.0,4347.0,1443562.21445516,-4068524.8002290507
103,2022-04-25 07:38:50+00:00,7c6d9d,-35.35377114506093,149.93643902717753,230.74748935872583,2.92608,QFA473,36000.0,4347.0,1442100.1485926746,-4070351.5254091383
104,2022-04-25 07:39:00+00:00,7c6d9d,-35.36955235368117,149.91995953499003,227.43836293166365,3.5763200000000004,QFA473,36000.0,4347.0,1440396.073392139,-4071896.3507637624
105,2022-04-25 07:39:10+00:00,7c6d9d,-35.38277318922144,149.90161002950467,223.7571206298866,4.8768,QFA473,36000.0,4347.0,1438559.9413962387,-4073138.774783749
106,2022-04-25 07:39:20+00:00,7c6d9d,-35.393463134765625,149.88195419311523,220.30279706373537,5.8521600000000005,QFA473,36000.0,4347.0,1436641.994843063,-4074088.5160482456
107,2022-04-25 07:39:30+00:00,7c6d9d,-35.40251133805617,149.85982691988033,218.0769317247492,4.8768,QFA473,36000.0,4347.0,1434524.9148940186,-4074829.9975878685
108,2022-04-25 07:39:40+00:00,7c6d9d,-35.4100341796875,149.83863830566406,216.51003887975727,7.80288,QFA473,36000.0,4347.0,1432513.8210929895,-4075414.974842826
109,2022-04-25 07:39:50+00:00,7c6d9d,-35.418245994438564,149.8163491107048,215.7312188614643,6.827520000000001,QFA473,36000.0,4347.0,1430394.3748351592,-4076063.5140430066
110,2022-04-25 07:40:00+00:00,7c6d9d,-35.42518227787343,149.7975905398105,215.262697268761,1.30048,QFA473,36000.0,4347.0,1428610.5111665062,-4076612.4195794095
111,2022-04-25 07:40:10+00:00,7c6d9d,-35.43415832519531,149.77346420288086,215.05051424809548,0.0,QFA473,36000.0,4347.0,1426315.7178751403,-4077324.867705926
112,2022-04-25 07:40:20+00:00,7c6d9d,-35.44189453125,149.75234985351562,214.8393535332312,-0.32512,QFA473,36000.0,4347.0,1424309.3285128819,-4077935.666753916
113,2022-04-25 07:40:30+00:00,7c6d9d,-35.450042724609375,149.7301483154297,214.62921814152256,0.0,QFA473,36000.0,4347.0,1422199.7026899336,-4078579.8189772866
114,2022-04-25 07:40:40+00:00,7c6d9d,-35.457908501059364,149.7085895944149,214.62921814152256,-0.32512,QFA473,36000.0,4347.0,1420152.058456368,-4079200.6050508595
115,2022-04-25 07:40:50+00:00,7c6d9d,-35.46535685911016,149.68807788605386,214.42011108747283,0.0,QFA473,36000.0,4347.0,1418204.5821625076,-4079787.710757847
116,2022-04-25 07:41:00+00:00,7c6d9d,-35.47334289550781,149.66611862182617,214.89046976260943,0.0,QFA473,36000.0,4347.0,1416119.7544613597,-4080417.9623199594
117,2022-04-25 07:41:10+00:00,7c6d9d,-35.481277724443885,149.6440741356383,214.89046976260943,0.0,QFA473,36000.0,4347.0,1414028.229103273,-4081042.02879179
118,2022-04-25 07:41:20+00:00,7c6d9d,-35.48900539592165,149.6226858585439,214.68284994096788,0.0,QFA473,36000.0,4347.0,1411998.8128097889,-4081651.0988918724
119,2022-04-25 07:41:30+00:00,7c6d9d,-35.496965828588486,149.60065476437833,214.42011108747283,0.0,QFA473,36000.0,4347.0,1409908.6533152366,-4082278.929695046
120,2022-04-25 07:41:40+00:00,7c6d9d,-35.50456237792969,149.57977294921875,214.42011108747283,-0.32512,QFA473,36000.0,4347.0,1407927.0665626205,-4082880.032442094
121,2022-04-25 07:41:50+00:00,7c6d9d,-35.51243591308594,149.5579719543457,214.42011108747283,-0.32512,QFA473,36000.0,4347.0,1405859.2916049557,-4083501.672183174
122,2022-04-25 07:42:00+00:00,7c6d9d,-35.52010229078394,149.53684056058844,214.42011108747283,-0.32512,QFA473,36000.0,4347.0,1403854.797032714,-4084108.409820993
123,2022-04-25 07:42:10+00:00,7c6d9d,-35.528045654296875,149.51505661010742,214.42011108747283,0.0,QFA473,36000.0,4347.0,1401788.1055684339,-4084738.69952378
124,2022-04-25 07:42:20+00:00,7c6d9d,-35.53616281283104,149.49260305851064,214.42011108747283,0.0,QFA473,36000.0,4347.0,1399659.1167043245,-4085381.039958842
125,2022-04-25 07:42:30+00:00,7c6d9d,-35.54384393207101,149.47144853307847,214.42011108747283,0.0,QFA473,36000.0,4347.0,1397653.0900087634,-4085990.2951838183
126,2022-04-25 07:42:40+00:00,7c6d9d,-35.55152893066406,149.45005416870117,214.68284994096788,0.0,QFA473,36000.0,4347.0,1395625.6973578064,-4086597.687235839
127,2022-04-25 07:42:50+00:00,7c6d9d,-35.559539794921875,149.42779541015625,214.68284994096788,0.0,QFA473,36000.0,4347.0,1393516.4437037779,-4087231.714872226
128,2022-04-25 07:43:00+00:00,7c6d9d,-35.56698039426641,149.407049950133,214.21203538257456,0.0,QFA473,36000.0,4347.0,1391551.1779314447,-4087820.1895706966
129,2022-04-25 07:43:10+00:00,7c6d9d,-35.574801170219814,149.38542792137633,214.89046976260943,0.0,QFA473,36000.0,4347.0,1389502.2273768487,-4088441.146648658
130,2022-04-25 07:43:20+00:00,7c6d9d,-35.58283996582031,149.3631935119629,214.42011108747283,0.0,QFA473,36000.0,4347.0,1387395.5566792365,-4089079.714269186
131,2022-04-25 07:43:30+00:00,7c6d9d,-35.59053039550781,149.34202194213867,214.62921814152256,0.0,QFA473,36000.0,4347.0,1385389.3517401307,-4089692.0896654944
132,2022-04-25 07:43:40+00:00,7c6d9d,-35.598541259765625,149.3199920654297,214.62921814152256,0.0,QFA473,36000.0,4347.0,1383301.9558858715,-4090330.640892981
133,2022-04-25 07:43:50+00:00,7c6d9d,-35.60617737850902,149.2989982442653,214.62921814152256,0.0,QFA473,36000.0,4347.0,1381312.9480533642,-4090939.7584741665
134,2022-04-25 07:44:00+00:00,7c6d9d,-35.614288330078125,149.2767333984375,215.0991195613596,0.0,QFA473,36000.0,4347.0,1379203.613939955,-4091587.5330999447
135,2022-04-25 07:44:10+00:00,7c6d9d,-35.62184143066406,149.25596237182617,215.0991195613596,0.0,QFA473,36000.0,4347.0,1377236.228870909,-4092190.716474461
136,2022-04-25 07:44:20+00:00,7c6d9d,-35.62980651855469,149.23410415649414,215.0991195613596,0.0,QFA473,36000.0,4347.0,1375165.8982523067,-4092827.6915785633
137,2022-04-25 07:44:30+00:00,7c6d9d,-35.637832900225135,149.21198418799867,215.0991195613596,0.0,QFA473,36000.0,4347.0,1373071.4970829382,-4093468.94961904
138,2022-04-25 07:44:40+00:00,7c6d9d,-35.64532781051378,149.19141404172208,215.56922437435523,0.0,QFA473,36000.0,4347.0,1371123.6645295923,-4094069.04356004
139,2022-04-25 07:44:50+00:00,7c6d9d,-35.65347445213189,149.16879856840094,216.0964871496482,0.0,QFA473,36000.0,4347.0,1368983.6700857787,-4094718.9244903596
140,2022-04-25 07:45:00+00:00,7c6d9d,-35.661341780323085,149.14682591215094,216.0964871496482,0.0,QFA473,36000.0,4347.0,1366905.4029493998,-4095345.4858856862
141,2022-04-25 07:45:10+00:00,7c6d9d,-35.66920910851434,149.1247948179854,216.0964871496482,0.0,QFA473,36000.0,4347.0,1364822.1465887951,-4095971.813952726
142,2022-04-25 07:45:20+00:00,7c6d9d,-35.67689022775426,149.10317278922872,216.0964871496482,0.0,QFA473,36000.0,4347.0,1362778.3567993562,-4096582.488032234
143,2022-04-25 07:45:30+00:00,7c6d9d,-35.684524794756385,149.08172607421875,216.7739072663053,0.0,QFA473,36000.0,4347.0,1360751.174817071,-4097190.3248408386
144,2022-04-25 07:45:40+00:00,7c6d9d,-35.69256591796875,149.0591812133789,216.7739072663053,0.0,QFA473,36000.0,4347.0,1358620.250908343,-4097831.4179870947
145,2022-04-25 07:45:50+00:00,7c6d9d,-35.700347900390625,149.0375518798828,216.7739072663053,0.0,QFA473,36000.0,4347.0,1356575.225027609,-4098454.2923649377
146,2022-04-25 07:46:00+00:00,7c6d9d,-35.70808022709218,149.0158665433843,216.7739072663053,0.0,QFA473,36000.0,4347.0,1354526.0799279164,-4099071.4863519305
147,2022-04-25 07:46:10+00:00,7c6d9d,-35.7158203125,148.99423599243164,216.7739072663053,0.0,QFA473,36000.0,4347.0,1352482.0017423541,-4099690.5142929475
148,2022-04-25 07:46:20+00:00,7c6d9d,-35.723876953125,148.9716911315918,216.7739072663053,0.0,QFA473,36000.0,4347.0,1350351.9285694798,-4100334.9533188217
149,2022-04-25 07:46:30+00:00,7c6d9d,-35.7314494504767,148.95041607795878,216.302750085238,0.0,QFA473,35975.0,4347.0,1348342.4779871046,-4100940.139421125
150,2022-04-25 07:46:40+00:00,7c6d9d,-35.739502987619176,148.92791748046875,216.302750085238,0.0,QFA473,35975.0,4347.0,1346217.1267208185,-4101585.5522065265
151,2022-04-25 07:46:50+00:00,7c6d9d,-35.74727721133473,148.906178575881,214.68284994096788,0.0,QFA473,35975.0,4347.0,1344163.8955574192,-4102208.7589346776
152,2022-04-25 07:47:00+00:00,7c6d9d,-35.754632464909946,148.8857253054355,212.59238799976384,0.0,QFA473,35975.0,4347.0,1342231.7890359112,-4102799.959107677
153,2022-04-25 07:47:10+00:00,7c6d9d,-35.762786865234375,148.8633155822754,210.9728509091196,0.0,QFA473,35975.0,4347.0,1340113.8762219858,-4103458.633499266
154,2022-04-25 07:47:20+00:00,7c6d9d,-35.77013436010327,148.8426565616689,210.50253918064448,0.0,QFA473,35975.0,4347.0,1338163.8830047802,-4104047.517081713
155,2022-04-25 07:47:30+00:00,7c6d9d,-35.77814134500795,148.82056702958778,210.50253918064448,0.0,QFA473,35975.0,4347.0,1336077.1502006284,-4104694.165284411
156,2022-04-25 07:47:40+00:00,7c6d9d,-35.78540349410753,148.80034751080453,210.29436269490145,0.0,QFA473,36000.0,4347.0,1334168.1783035693,-4105279.0488770874
157,2022-04-25 07:47:50+00:00,7c6d9d,-35.79327392578125,148.77845764160156,210.29436269490145,0.0,QFA473,36000.0,4347.0,1332101.644985912,-4105913.552332954
158,2022-04-25 07:48:00+00:00,7c6d9d,-35.80073547363281,148.75762939453125,210.35287417994647,0.0,QFA473,36000.0,4347.0,1330135.9288465288,-4106514.659274392
159,2022-04-25 07:48:10+00:00,7c6d9d,-35.8084716796875,148.73594284057617,210.35287417994647,0.0,QFA473,36000.0,4347.0,1328089.8821300985,-4107137.3045020415
160,2022-04-25 07:48:20+00:00,7c6d9d,-35.816070556640625,148.71465682983398,210.35287417994647,0.0,QFA473,36000.0,4347.0,1326081.7985027735,-4107749.440601222
161,2022-04-25 07:48:30+00:00,7c6d9d,-35.823577880859375,148.6933708190918,210.35287417994647,0.0,QFA473,36000.0,4347.0,1324075.1425614362,-4108351.868195304
162,2022-04-25 07:48:40+00:00,7c6d9d,-35.830810546875,148.6728858947754,210.14832754817533,0.0,QFA473,36000.0,4347.0,1322144.1307893775,-4108932.844937354
163,2022-04-25 07:48:50+00:00,7c6d9d,-35.83845520019531,148.65114212036133,210.14832754817533,0.0,QFA473,36000.0,4347.0,1320095.1160156177,-4109546.326151436
164,2022-04-25 07:49:00+00:00,7c6d9d,-35.846014507746304,148.62959192154256,210.14832754817533,0.0,QFA473,36000.0,4347.0,1318064.8117936703,-4110152.8266442246
165,2022-04-25 07:49:10+00:00,7c6d9d,-35.85346984863281,148.60845565795898,210.35287417994647,0.0,QFA473,36000.0,4347.0,1316073.2128245828,-4110752.5921379994
166,2022-04-25 07:49:20+00:00,7c6d9d,-35.86116027832031,148.58671188354492,210.35287417994647,0.0,QFA473,36000.0,4347.0,1314024.350182704,-4111372.273444425
167,2022-04-25 07:49:30+00:00,7c6d9d,-35.86866760253906,148.56536865234375,210.35287417994647,0.0,QFA473,36000.0,4347.0,1312014.0059580428,-4111976.3541678824
168,2022-04-25 07:49:40+00:00,7c6d9d,-35.87672424316406,148.5443115234375,211.201035456096,0.65024,QFA473,36000.0,4347.0,1310022.521446309,-4112644.3149536187
169,2022-04-25 07:49:50+00:00,7c6d9d,-35.8861083984375,148.52359771728516,212.2965224317217,0.65024,QFA473,36000.0,4347.0,1308045.099117021,-4113462.4885005993
170,2022-04-25 07:50:00+00:00,7c6d9d,-35.89595031738281,148.5047149658203,213.7420410321797,0.32512,QFA473,36000.0,4347.0,1306226.2953363364,-4114350.50669877
171,2022-04-25 07:50:10+00:00,7c6d9d,-35.90739440917969,148.48451614379883,214.05630950804297,0.0,QFA473,36000.0,4347.0,1304269.362273334,-4115401.7359101027
172,2022-04-25 07:50:20+00:00,7c6d9d,-35.91828918457031,148.46506118774414,214.05630950804297,-0.32512,QFA473,36000.0,4347.0,1302386.4732911985,-4116400.5211262945
173,2022-04-25 07:50:30+00:00,7c6d9d,-35.928970595537635,148.4461553046044,214.18732454928303,0.0,QFA473,36000.0,4347.0,1300555.8490358526,-4117381.826850798
174,2022-04-25 07:50:40+00:00,7c6d9d,-35.94026184082031,148.42609405517578,214.05630950804297,-0.32512,QFA473,36000.0,4347.0,1298614.2484493076,-4118418.7355680987
175,2022-04-25 07:50:50+00:00,7c6d9d,-35.95089669954979,148.40717721492686,213.7637082075013,0.0,QFA473,36000.0,4347.0,1296783.8928497876,-4119395.484056148
176,2022-04-25 07:51:00+00:00,7c6d9d,-35.961929579912635,148.38748363738364,213.7637082075013,-0.32512,QFA473,36000.0,4347.0,1294879.2107176138,-4120408.431963962
177,2022-04-25 07:51:10+00:00,7c6d9d,-35.972822803562,148.36819912524933,213.7637082075013,0.0,QFA473,36000.0,4347.0,1293013.2927620944,-4121410.5553017645
178,2022-04-25 07:51:20+00:00,7c6d9d,-35.98388671875,148.34833145141602,213.7637082075013,0.0,QFA473,36000.0,4347.0,1291093.304760395,-4122425.8494604575
179,2022-04-25 07:51:30+00:00,7c6d9d,-35.994598388671875,148.32927703857422,213.7637082075013,0.0,QFA473,36000.0,4347.0,1289250.9663711414,-4123411.0221688175
180,2022-04-25 07:51:40+00:00,7c6d9d,-36.00599670410156,148.3090782165527,213.2114383752935,0.0,QFA473,36000.0,4347.0,1287297.7850025333,-4124460.506891808
181,2022-04-25 07:51:50+00:00,7c6d9d,-36.0164794921875,148.29042434692383,213.2114383752935,0.0,QFA473,36000.0,4347.0,1285494.8722175607,-4125425.2389158905
182,2022-04-25 07:52:00+00:00,7c6d9d,-36.027894100900426,148.27031561668883,213.2114383752935,0.0,QFA473,36000.0,4347.0,1283550.2573299264,-4126478.1708130185
183,2022-04-25 07:52:10+00:00,7c6d9d,-36.03804016113281,148.25231552124023,212.9176760170002,0.0,QFA473,36000.0,4347.0,1281810.7666314403,-4127413.1167354314
184,2022-04-25 07:52:20+00:00,7c6d9d,-36.04944778701008,148.23215565782914,212.495264947944,0.0,QFA473,36000.0,4347.0,1279862.3511797502,-4128465.472551209
185,2022-04-25 07:52:30+00:00,7c6d9d,-36.06048066737287,148.21263739403258,212.495264947944,0.0,QFA473,36000.0,4347.0,1277976.4400609029,-4129483.408216056
186,2022-04-25 07:52:40+00:00,7c6d9d,-36.07127380371094,148.1934928894043,212.20175832677225,0.0,QFA473,36000.0,4347.0,1276127.3314735207,-4130479.056073277
187,2022-04-25 07:52:50+00:00,7c6d9d,-36.08189392089844,148.17455291748047,212.20175832677225,0.0,QFA473,36000.0,4347.0,1274299.0223202645,-4131458.038177117
188,2022-04-25 07:53:00+00:00,7c6d9d,-36.09329999503444,148.15425791638964,212.20175832677225,0.0,QFA473,36000.0,4347.0,1272339.9384436496,-4132510.3146231873
189,2022-04-25 07:53:10+00:00,7c6d9d,-36.10437942763508,148.13450590093086,212.20175832677225,0.0,QFA473,36000.0,4347.0,1270433.8902542253,-4133532.4367276686
190,2022-04-25 07:53:20+00:00,7c6d9d,-36.115081787109375,148.11532974243164,212.33267127103267,0.0,QFA473,36000.0,4347.0,1268584.4172172765,-4134519.143508419
191,2022-04-25 07:53:30+00:00,7c6d9d,-36.125467591366544,148.0966965695645,212.04143583574864,0.0,QFA473,36000.0,4347.0,1266787.793756689,-4135476.7472939766
192,2022-04-25 07:53:40+00:00,7c6d9d,-36.13636081501591,148.07706142993683,212.04143583574864,0.0,QFA473,36000.0,4347.0,1264895.5265778054,-4136480.560368273
193,2022-04-25 07:53:50+00:00,7c6d9d,-36.14744567871094,148.05707931518555,212.04143583574864,0.0,QFA473,36000.0,4347.0,1262970.180692553,-4137502.3836994264
194,2022-04-25 07:54:00+00:00,7c6d9d,-36.158111572265625,148.0378532409668,212.04143583574864,0.0,QFA473,36000.0,4347.0,1261118.009091526,-4138485.9420724344
195,2022-04-25 07:54:10+00:00,7c6d9d,-36.168548583984375,148.01897048950195,212.04143583574864,0.0,QFA473,36000.0,4347.0,1259299.7043149592,-4139448.0309978975
196,2022-04-25 07:54:20+00:00,7c6d9d,-36.17939758300781,147.9993438720703,212.04143583574864,0.0,QFA473,36000.0,4347.0,1257410.0913287285,-4140448.461244578
197,2022-04-25 07:54:30+00:00,7c6d9d,-36.19064072431144,147.97917792137633,212.04143583574864,0.0,QFA473,36000.0,4347.0,1255467.7219035784,-4141487.347564568
198,2022-04-25 07:54:40+00:00,7c6d9d,-36.20111497782045,147.9603609125665,212.20175832677225,0.0,QFA473,36000.0,4347.0,1253655.8140806602,-4142455.2253674315
199,2022-04-25 07:54:50+00:00,7c6d9d,-36.21199035644531,147.94097900390625,212.20175832677225,0.0,QFA473,36000.0,4347.0,1251788.7741985647,-4143462.067203269
200,2022-04-25 07:55:00+00:00,7c6d9d,-36.222564697265625,147.9221534729004,212.62475249170123,0.0,QFA473,36000.0,4347.0,1249975.5143347576,-4144441.5709364684
201,2022-04-25 07:55:10+00:00,7c6d9d,-36.233917236328125,147.90178298950195,212.4659948126465,0.0,QFA473,36000.0,4347.0,1248014.9017577635,-4145491.941359521
202,2022-04-25 07:55:20+00:00,7c6d9d,-36.24417579780192,147.88328130194483,212.4659948126465,0.0,QFA473,36000.0,4347.0,1246235.1184690727,-4146440.4901035917
203,2022-04-25 07:55:30+00:00,7c6d9d,-36.25548799159162,147.86282803149933,212.4659948126465,0.0,QFA473,36000.0,4347.0,1244268.3010015483,-4147486.320608972
204,2022-04-25 07:55:40+00:00,7c6d9d,-36.26628112792969,147.8433609008789,212.75664908419205,0.0,QFA473,36000.0,4347.0,1242396.3329151617,-4148484.9944561417
205,2022-04-25 07:55:50+00:00,7c6d9d,-36.27667236328125,147.82464981079102,212.75664908419205,0.0,QFA473,36000.0,4347.0,1240597.1710941438,-4149447.1192436856
206,2022-04-25 07:56:00+00:00,7c6d9d,-36.28770214016157,147.80479918134975,212.75664908419205,0.0,QFA473,36000.0,4347.0,1238688.7065686758,-4150468.821742745
207,2022-04-25 07:56:10+00:00,7c6d9d,-36.298828125,147.78465270996094,212.890950247838,0.0,QFA473,36000.0,4347.0,1236752.9852364124,-4151498.597675608
208,2022-04-25 07:56:20+00:00,7c6d9d,-36.30897651284431,147.7662885949967,212.890950247838,0.0,QFA473,36000.0,4347.0,1234988.7467411286,-4152438.3372094524
209,2022-04-25 07:56:30+00:00,7c6d9d,-36.32019560215838,147.74595220038233,212.890950247838,0.0,QFA473,36000.0,4347.0,1233035.611368566,-4153477.2443722454
210,2022-04-25 07:56:40+00:00,7c6d9d,-36.33087158203125,147.7265739440918,213.3162997719245,0.0,QFA473,36000.0,4347.0,1231175.0113555633,-4154465.9546739794
211,2022-04-25 07:56:50+00:00,7c6d9d,-36.34172058105469,147.7067756652832,213.3162997719245,0.0,QFA473,36000.0,4347.0,1229275.1295871001,-4155470.006263031
212,2022-04-25 07:57:00+00:00,7c6d9d,-36.35220336914063,147.6877784729004,213.6057970332081,0.0,QFA473,36000.0,4347.0,1227451.5650176937,-4156441.805193177
213,2022-04-25 07:57:10+00:00,7c6d9d,-36.36268615722656,147.6687240600586,213.6057970332081,0.0,QFA473,36000.0,4347.0,1225623.2077172985,-4157413.3787013544
214,2022-04-25 07:57:20+00:00,7c6d9d,-36.37431335449219,147.6477813720703,213.6057970332081,0.0,QFA473,36000.0,4347.0,1223612.7583755206,-4158493.2786292746
215,2022-04-25 07:57:30+00:00,7c6d9d,-36.384810108249496,147.62872574177194,213.896139771752,0.0,QFA473,36000.0,4347.0,1221784.7952389135,-4159467.0848244103
216,2022-04-25 07:57:40+00:00,7c6d9d,-36.39601135253906,147.60852813720703,213.896139771752,0.0,QFA473,36000.0,4347.0,1219846.7279798738,-4160507.946192426
217,2022-04-25 07:57:50+00:00,7c6d9d,-36.406922421212926,147.5886373316988,213.7420410321797,0.0,QFA473,36000.0,4347.0,1217939.8920325057,-4161520.1077929186
218,2022-04-25 07:58:00+00:00,7c6d9d,-36.41766357421875,147.56916046142578,213.7420410321797,0.0,QFA473,36000.0,4347.0,1216072.3896029233,-4162517.870635601
219,2022-04-25 07:58:10+00:00,7c6d9d,-36.428009033203125,147.55027770996094,213.7420410321797,0.0,QFA473,36000.0,4347.0,1214262.9857915347,-4163478.0149071044
220,2022-04-25 07:58:20+00:00,7c6d9d,-36.43904113769531,147.53013610839844,213.7420410321797,0.0,QFA473,36000.0,4347.0,1212333.3353571536,-4164502.1928011565
221,2022-04-25 07:58:30+00:00,7c6d9d,-36.44952392578125,147.51102447509766,213.7420410321797,0.0,QFA473,36000.0,4347.0,1210502.511627471,-4165475.980327043
222,2022-04-25 07:58:40+00:00,7c6d9d,-36.4605040469412,147.49092913688497,214.0309624386353,0.0,QFA473,36000.0,4347.0,1208578.3006380266,-4166495.586576953
223,2022-04-25 07:58:50+00:00,7c6d9d,-36.47135071835277,147.47123555934175,214.0309624386353,0.0,QFA473,36000.0,4347.0,1206691.8785963065,-4167504.677224461
224,2022-04-25 07:59:00+00:00,7c6d9d,-36.48215083752649,147.45154198179856,214.0309624386353,0.0,QFA473,36000.0,4347.0,1204806.3507416425,-4168508.981290012
225,2022-04-25 07:59:10+00:00,7c6d9d,-36.49287414550781,147.43206024169922,214.0309624386353,0.0,QFA473,36000.0,4347.0,1202940.9728172862,-4169507.1822508927
226,2022-04-25 07:59:20+00:00,7c6d9d,-36.50379762811178,147.4121548267121,214.0309624386353,0.0,QFA473,36000.0,4347.0,1201035.7640868642,-4170523.8023590683
227,2022-04-25 07:59:30+00:00,7c6d9d,-36.51493835449219,147.3918342590332,214.0309624386353,0.0,QFA473,36000.0,4347.0,1199091.3035779072,-4171560.831819179
228,2022-04-25 07:59:40+00:00,7c6d9d,-36.52519226074219,147.3731231689453,214.0309624386353,0.0,QFA473,36000.0,4347.0,1197301.2253009763,-4172515.570272873
229,2022-04-25 07:59:50+00:00,7c6d9d,-36.53631591796875,147.35280990600586,214.0309624386353,0.0,QFA473,36000.0,4347.0,1195358.312997699,-4173551.5111716418
230,2022-04-25 08:00:00+00:00,7c6d9d,-36.54725646972656,147.3328685760498,214.0309624386353,0.0,QFA473,36000.0,4347.0,1193451.0847482898,-4174571.125664881
231,2022-04-25 08:00:10+00:00,7c6d9d,-36.558197021484375,147.31292724609375,214.0309624386353,0.0,QFA473,36000.0,4347.0,1191544.205698497,-4175591.105361415
232,2022-04-25 08:00:20+00:00,7c6d9d,-36.56864489539197,147.29375960979056,214.16817169242657,0.0,QFA473,36000.0,4347.0,1189712.4403178953,-4176564.317106165
233,2022-04-25 08:00:30+00:00,7c6d9d,-36.57952880859375,147.27378845214844,214.16817169242657,0.0,QFA473,36000.0,4347.0,1187804.249709088,-4177578.4698640076
234,2022-04-25 08:00:40+00:00,7c6d9d,-36.59051513671875,147.25358963012695,214.16817169242657,0.0,QFA473,36000.0,4347.0,1185874.9137322416,-4178602.161075989
235,2022-04-25 08:00:50+00:00,7c6d9d,-36.6009521484375,147.23444512549867,214.16817169242657,0.0,QFA473,36000.0,4347.0,1184046.329124048,-4179575.431743297
236,2022-04-25 08:01:00+00:00,7c6d9d,-36.61175226761122,147.21463467212433,213.8806730247697,0.0,QFA473,36000.0,4347.0,1182154.4727804007,-4180582.9171951837
237,2022-04-25 08:01:10+00:00,7c6d9d,-36.62278747558594,147.19430923461914,213.8806730247697,0.0,QFA473,36000.0,4347.0,1180214.324771819,-4181611.9174328623
238,2022-04-25 08:01:20+00:00,7c6d9d,-36.63299560546875,147.17548370361328,213.8806730247697,0.0,QFA473,36000.0,4347.0,1178417.8177732066,-4182563.9114732845
239,2022-04-25 08:01:30+00:00,7c6d9d,-36.64438538632152,147.15450205701464,213.8806730247697,0.0,QFA473,36000.0,4347.0,1176415.7717181933,-4183626.7025501803
240,2022-04-25 08:01:40+00:00,7c6d9d,-36.65496826171875,147.13491439819336,213.59402642920165,0.0,QFA473,36000.0,4347.0,1174547.6661898599,-4184613.697211302
241,2022-04-25 08:01:50+00:00,7c6d9d,-36.665752863479895,147.11493958818153,213.453968414864,0.0,QFA473,36000.0,4347.0,1172643.0656638867,-4185619.737263431
242,2022-04-25 08:02:00+00:00,7c6d9d,-36.67616271972656,147.09577560424805,213.453968414864,0.0,QFA473,36000.0,4347.0,1170815.3729307007,-4186592.252125886
243,2022-04-25 08:02:10+00:00,7c6d9d,-36.68669128417969,147.07637786865234,213.16674802783805,0.0,QFA473,36000.0,4347.0,1168965.808181199,-4187576.057006753
244,2022-04-25 08:02:20+00:00,7c6d9d,-36.69768769862287,147.05603416929856,213.16674802783805,0.0,QFA473,36000.0,4347.0,1167026.9238357574,-4188603.1655811095
245,2022-04-25 08:02:30+00:00,7c6d9d,-36.70816195213189,147.03669121924867,213.16674802783805,0.0,QFA473,36000.0,4347.0,1165183.5337071808,-4189582.175528147
246,2022-04-25 08:02:40+00:00,7c6d9d,-36.71864318847656,147.01726913452148,213.16674802783805,0.0,QFA473,36000.0,4347.0,1163333.3413845988,-4190561.5669300603
247,2022-04-25 08:02:50+00:00,7c6d9d,-36.72990417480469,146.99655532836914,213.16674802783805,0.0,QFA473,36000.0,4347.0,1161359.5074103107,-4191615.618913234
248,2022-04-25 08:03:00+00:00,7c6d9d,-36.74023644398835,146.97731829704122,213.16674802783805,0.0,QFA473,36000.0,4347.0,1159528.1747201472,-4192580.9497140152
249,2022-04-25 08:03:10+00:00,7c6d9d,-36.750896906448645,146.9575078436669,213.16674802783805,0.0,QFA473,36000.0,4347.0,1157642.3550872523,-4193577.6428328133
250,2022-04-25 08:03:20+00:00,7c6d9d,-36.76179013009801,146.93734676279922,213.16674802783805,0.0,QFA473,36000.0,4347.0,1155723.0021494625,-4194597.220362145
251,2022-04-25 08:03:30+00:00,7c6d9d,-36.77249714479609,146.91753630942486,213.16674802783805,0.0,QFA473,36000.0,4347.0,1153837.3356771606,-4195599.785470737
252,2022-04-25 08:03:40+00:00,7c6d9d,-36.7826455326404,146.89871930061503,213.16674802783805,0.0,QFA473,36000.0,4347.0,1152046.7932728494,-4196550.005201107
253,2022-04-25 08:03:50+00:00,7c6d9d,-36.79376220703125,146.87810897827148,213.59402642920165,0.0,QFA473,36000.0,4347.0,1150085.9462857468,-4197591.277333143
254,2022-04-25 08:04:00+00:00,7c6d9d,-36.80465698242188,146.85785293579102,213.59402642920165,0.0,QFA473,35950.0,4347.0,1148159.5137022058,-4198611.618380528
255,2022-04-25 08:04:10+00:00,7c6d9d,-36.81546486030192,146.8377685546875,213.59402642920165,0.0,QFA473,35950.0,4347.0,1146249.695109109,-4199624.2822188195
256,2022-04-25 08:04:20+00:00,7c6d9d,-36.82552014367059,146.81912685962433,213.8806730247697,0.0,QFA473,35950.0,4347.0,1144477.104129501,-4200567.161973605
257,2022-04-25 08:04:30+00:00,7c6d9d,-36.83645991955774,146.7989073408411,213.8806730247697,0.0,QFA473,35950.0,4347.0,1142554.4444703925,-4201593.903038556
258,2022-04-25 08:04:40+00:00,7c6d9d,-36.84727478027344,146.77888870239258,213.0276514348251,-2.27584,QFA473,35950.0,4347.0,1140651.419953971,-4202609.014470864
259,2022-04-25 08:04:50+00:00,7c6d9d,-36.85812377929688,146.7587604928524,212.02583379286003,-9.7536,QFA473,35700.0,4347.0,1138738.612779806,-4203627.276850967
260,2022-04-25 08:05:00+00:00,7c6d9d,-36.86886027707891,146.7388916015625,212.1668345659666,-13.65504,QFA473,35275.0,4347.0,1136850.4862109562,-4204635.800938661
261,2022-04-25 08:05:10+00:00,7c6d9d,-36.87913513183594,146.71978240317486,212.1668345659666,-15.280640000000002,QFA473,34800.0,4347.0,1135035.451215759,-4205600.443192499
262,2022-04-25 08:05:20+00:00,7c6d9d,-36.88957214355469,146.7003225772939,213.45210861963008,-16.256,QFA473,34300.0,4347.0,1133187.733359941,-4206580.207107949
263,2022-04-25 08:05:30+00:00,7c6d9d,-36.90019226074219,146.68027837225733,214.4497315572177,-16.581120000000002,QFA473,33775.0,4347.0,1131286.3306366873,-4207575.325758973
264,2022-04-25 08:05:40+00:00,7c6d9d,-36.91094970703125,146.66023416722075,216.1626106484763,-17.881600000000002,QFA473,33200.0,4347.0,1129383.733108689,-4208586.012238916
265,2022-04-25 08:05:50+00:00,7c6d9d,-36.92239535056939,146.63905931555706,217.3037275479184,-17.881600000000002,QFA473,32600.0,4347.0,1127373.2818865916,-4209663.117791289
266,2022-04-25 08:06:00+00:00,7c6d9d,-36.93296813964844,146.6193276263298,218.872798001866,-18.20672,QFA473,32025.0,4347.0,1125501.2383490778,-4210656.907918493
267,2022-04-25 08:06:10+00:00,7c6d9d,-36.94400024414063,146.59864060422208,220.0142930177948,-18.531840000000003,QFA473,31425.0,4347.0,1123539.5037718057,-4211693.371046212
268,2022-04-25 08:06:20+00:00,7c6d9d,-36.9548888125662,146.5782762610394,220.0142930177948,-13.65504,QFA473,30825.0,4347.0,1121608.409842353,-4212717.207092385
269,2022-04-25 08:06:30+00:00,7c6d9d,-36.96559582726434,146.55791572902513,220.0142930177948,-13.65504,QFA473,30300.0,4347.0,1119680.0273574141,-4213721.347417824
270,2022-04-25 08:06:40+00:00,7c6d9d,-36.97653560315149,146.53731636379075,220.0142930177948,-12.35456,QFA473,29925.0,4347.0,1117728.1933420082,-4214749.515599285
271,2022-04-25 08:06:50+00:00,7c6d9d,-36.98780822753906,146.51624314328458,218.872798001866,-12.35456,QFA473,29525.0,4347.0,1115730.9372423438,-4215810.725427052
272,2022-04-25 08:07:00+00:00,7c6d9d,-36.99836860268806,146.4964758831522,217.3037275479184,-12.02944,QFA473,29150.0,4347.0,1113857.9548293892,-4216805.022948937
273,2022-04-25 08:07:10+00:00,7c6d9d,-37.00940148305085,146.4758765179178,216.01993005224327,-11.3792,QFA473,28775.0,4347.0,1111906.178300562,-4217844.650046456
274,2022-04-25 08:07:20+00:00,7c6d9d,-37.01985168457031,146.4559352144282,214.17805725177087,-11.3792,QFA473,28425.0,4347.0,1110019.6376060743,-4218825.929570659
275,2022-04-25 08:07:30+00:00,7c6d9d,-37.03056335449219,146.43548194398272,212.8859776415401,-11.3792,QFA473,28050.0,4347.0,1108085.0859382143,-4219832.017929221
276,2022-04-25 08:07:40+00:00,7c6d9d,-37.04109191894531,146.41555461477728,211.5972648499272,-11.05408,QFA473,27700.0,4347.0,1106199.6051503816,-4220822.827176945
277,2022-04-25 08:07:50+00:00,7c6d9d,-37.05157470703125,146.39586103723406,210.7400239520537,-11.05408,QFA473,27350.0,4347.0,1104335.7213668854,-4221810.977471463
278,2022-04-25 08:08:00+00:00,7c6d9d,-37.06200551178495,146.37646219004756,209.4570607302655,-11.05408,QFA473,27000.0,4347.0,1102498.9091825136,-4222796.304862739
279,2022-04-25 08:08:10+00:00,7c6d9d,-37.072540283203125,146.35682450964097,208.3161561297832,-10.72896,QFA473,26650.0,4347.0,1100640.08252533,-4223791.401790393
280,2022-04-25 08:08:20+00:00,7c6d9d,-37.08262815313827,146.33801004161006,207.3158257931978,-10.72896,QFA473,26300.0,4347.0,1098859.548756939,-4224744.526943313
281,2022-04-25 08:08:30+00:00,7c6d9d,-37.09327697753906,146.31813860954122,206.31705908681968,-10.72896,QFA473,25950.0,4347.0,1096979.3831339276,-4225750.90684711
282,2022-04-25 08:08:40+00:00,7c6d9d,-37.10371398925781,146.29838659408244,206.0327346698262,-11.05408,QFA473,25600.0,4347.0,1095112.4629965555,-4226735.212839933
283,2022-04-25 08:08:50+00:00,7c6d9d,-37.11396789550781,146.27910208194814,206.0327346698262,-11.05408,QFA473,25250.0,4347.0,1093289.356715061,-4227703.645586669
284,2022-04-25 08:09:00+00:00,7c6d9d,-37.123733779131385,146.2607474949049,206.0327346698262,-10.72896,QFA473,24925.0,4347.0,1091554.3897060968,-4228626.404650184
285,2022-04-25 08:09:10+00:00,7c6d9d,-37.13416148040256,146.24104375424594,206.0327346698262,-10.72896,QFA473,24575.0,4347.0,1089692.8227700165,-4229611.120861652
286,2022-04-25 08:09:20+00:00,7c6d9d,-37.144402972722446,146.2218176800272,205.3198788292169,-10.72896,QFA473,24225.0,4347.0,1087875.9843965322,-4230579.68304113
287,2022-04-25 08:09:30+00:00,7c6d9d,-37.15431859937769,146.2029498556386,204.60712631743343,-10.72896,QFA473,23875.0,4347.0,1086094.767291672,-4231515.55511108
288,2022-04-25 08:09:40+00:00,7c6d9d,-37.16479285288665,146.1830072817595,203.8944782180934,-10.72896,QFA473,23525.0,4347.0,1084212.483382182,-4232504.39888749
289,2022-04-25 08:09:50+00:00,7c6d9d,-37.17475891113281,146.16415470204456,202.75229439810263,-11.05408,QFA473,23175.0,4347.0,1082432.6968015656,-4233446.652085769
290,2022-04-25 08:10:00+00:00,7c6d9d,-37.1844378972458,146.14568959111753,202.1876183452424,-11.05408,QFA473,22825.0,4347.0,1080690.6675174395,-4234360.732638735
291,2022-04-25 08:10:10+00:00,7c6d9d,-37.19462585449219,146.12605318110042,201.6266112436078,-10.72896,QFA473,22475.0,4347.0,1078839.5792339467,-4235321.491915207
292,2022-04-25 08:10:20+00:00,7c6d9d,-37.20433044433594,146.10741148603725,201.6266112436078,-10.72896,QFA473,22125.0,4347.0,1077082.2090266137,-4236237.529849466
293,2022-04-25 08:10:30+00:00,7c6d9d,-37.21395201602223,146.08878757642665,201.194964112521,-10.72896,QFA473,21775.0,4347.0,1075327.5962461461,-4237144.826904506
294,2022-04-25 08:10:40+00:00,7c6d9d,-37.22419350834218,146.06932266898778,200.89746289057297,-10.72896,QFA473,21450.0,4347.0,1073492.0788323774,-4238113.988445351
295,2022-04-25 08:10:50+00:00,7c6d9d,-37.23420223947301,146.05051455290422,200.6100746462297,-10.72896,QFA473,21100.0,4347.0,1071717.5989251062,-4239063.281498915
296,2022-04-25 08:11:00+00:00,7c6d9d,-37.24421097060383,146.0317661451257,200.1828459147158,-10.72896,QFA473,20750.0,4347.0,1069948.7170025792,-4240013.402471094
297,2022-04-25 08:11:10+00:00,7c6d9d,-37.25408935546875,146.01326800407247,199.1828581508676,-10.72896,QFA473,20400.0,4347.0,1068203.710343639,-4240951.513313218
298,2022-04-25 08:11:20+00:00,7c6d9d,-37.26408877615205,145.99438874617866,198.6133639275268,-10.72896,QFA473,20050.0,4347.0,1066423.9321469232,-4241900.12280609
299,2022-04-25 08:11:30+00:00,7c6d9d,-37.273399223715614,145.97671508789062,197.18780115739983,-10.72896,QFA473,19725.0,4347.0,1064758.6192330206,-4242782.85416787
300,2022-04-25 08:11:40+00:00,7c6d9d,-37.28366088867188,145.95710916722075,196.19278194367425,-10.72896,QFA473,19350.0,4347.0,1062912.2549725217,-4243755.02611862
301,2022-04-25 08:11:50+00:00,7c6d9d,-37.29341668597726,145.93850177267325,195.0502740223336,-10.40384,QFA473,19025.0,4347.0,1061160.04959989,-4244679.863478871
302,2022-04-25 08:12:00+00:00,7c6d9d,-37.302959894729895,145.9201713230299,194.0565688272873,-10.40384,QFA473,18700.0,4347.0,1059434.9216764602,-4245583.765147039
303,2022-04-25 08:12:10+00:00,7c6d9d,-37.31231689453125,145.9021190886802,193.06460302226137,-10.40384,QFA473,18350.0,4347.0,1057736.6897673977,-4246469.653367888
304,2022-04-25 08:12:20+00:00,7c6d9d,-37.32186010328394,145.8837492569633,192.20181382585483,-10.40384,QFA473,18000.0,4347.0,1056008.63374146,-4247373.821578188
305,2022-04-25 08:12:30+00:00,7c6d9d,-37.331085205078125,145.86582914311836,190.49855068316555,-10.40384,QFA473,17675.0,4347.0,1054324.043645299,-4248246.773843251
306,2022-04-25 08:12:40+00:00,7c6d9d,-37.34038789393537,145.84804369055706,189.7684831694213,-10.40384,QFA473,17350.0,4347.0,1052650.835593212,-4249129.748665048
307,2022-04-25 08:12:50+00:00,7c6d9d,-37.3496052370233,145.83066857379416,188.4817790117704,-10.40384,QFA473,17025.0,4347.0,1051015.1352244595,-4250006.96982272
308,2022-04-25 08:13:00+00:00,7c6d9d,-37.35933465472726,145.81227841584578,187.4843146611367,-10.40384,QFA473,16675.0,4347.0,1049284.437377086,-4250932.805291659
309,2022-04-25 08:13:10+00:00,7c6d9d,-37.36802673339844,145.7957620823637,186.77151387132628,-10.40384,QFA473,16350.0,4347.0,1047730.8126853361,-4251759.462267133
310,2022-04-25 08:13:20+00:00,7c6d9d,-37.37758313195184,145.77752818231997,185.3462557620156,-10.40384,QFA473,16025.0,4347.0,1046016.3065708494,-4252667.97696327
311,2022-04-25 08:13:30+00:00,7c6d9d,-37.386707370564125,145.76009335725203,184.6338010938924,-10.40384,QFA473,15700.0,4347.0,1044377.339555137,-4253535.473333699
312,2022-04-25 08:13:40+00:00,7c6d9d,-37.395904541015625,145.74258357920547,183.63993552679096,-10.07872,QFA473,15375.0,4347.0,1042731.2355102475,-4254410.714134299
313,2022-04-25 08:13:50+00:00,7c6d9d,-37.40500240002649,145.72510429050612,182.49715097398075,-8.128,QFA473,15050.0,4347.0,1041089.1232212932,-4255275.461207872
314,2022-04-25 08:14:00+00:00,7c6d9d,-37.41352145954716,145.7088039232337,179.06937720161991,-2.92608,QFA473,14950.0,4347.0,1039557.6372143278,-4256085.995061012
315,2022-04-25 08:14:10+00:00,7c6d9d,-37.422454833984375,145.691684154754,174.21735496919405,-2.92608,QFA473,14850.0,4347.0,1037949.5517834835,-4256935.984039262
316,2022-04-25 08:14:20+00:00,7c6d9d,-37.43092346191406,145.67549685214428,170.0780184637768,-2.92608,QFA473,14750.0,4347.0,1036429.0566115787,-4257742.340953164
317,2022-04-25 08:14:30+00:00,7c6d9d,-37.43902587890625,145.66006924243683,165.6557608871839,-2.60096,QFA473,14675.0,4347.0,1034979.8047778738,-4258514.539965158
318,2022-04-25 08:14:40+00:00,7c6d9d,-37.447357177734375,145.6440572535738,161.66397584207624,-7.152640000000001,QFA473,14600.0,4347.0,1033476.6763830094,-4259307.553496334
319,2022-04-25 08:14:50+00:00,7c6d9d,-37.455322265625,145.62950621259975,158.89658735228878,-7.152640000000001,QFA473,14425.0,4347.0,1032106.8239925985,-4260072.14167177
320,2022-04-25 08:15:00+00:00,7c6d9d,-37.46388244628906,145.61472141996344,158.25153708536735,-7.477760000000001,QFA473,14175.0,4347.0,1030710.3526244692,-4260901.068140902
321,2022-04-25 08:15:10+00:00,7c6d9d,-37.471897965770665,145.60114984926972,157.4232263431767,-7.477760000000001,QFA473,13950.0,4347.0,1029427.0343662355,-4261679.668616855
322,2022-04-25 08:15:20+00:00,7c6d9d,-37.48051012976697,145.58658102284306,156.7037295248996,-7.477760000000001,QFA473,13700.0,4347.0,1028049.5356909041,-4262516.523378743
323,2022-04-25 08:15:30+00:00,7c6d9d,-37.48879642809851,145.5723704462466,156.09455132718432,-7.477760000000001,QFA473,13475.0,4347.0,1026707.2773701912,-4263320.324255409
324,2022-04-25 08:15:40+00:00,7c6d9d,-37.49674987792969,145.55856258311172,155.18909080217313,-7.477760000000001,QFA473,13250.0,4347.0,1025404.2454946231,-4264090.642957182
325,2022-04-25 08:15:50+00:00,7c6d9d,-37.505401611328125,145.54354403881317,154.65696012806347,-7.477760000000001,QFA473,13000.0,4347.0,1023987.157317804,-4264928.806596838
326,2022-04-25 08:16:00+00:00,7c6d9d,-37.513189800715054,145.5302163828974,153.82649827337863,-6.1772800000000005,QFA473,12775.0,4347.0,1022728.6630303835,-4265685.051999886
327,2022-04-25 08:16:10+00:00,7c6d9d,-37.52156066894531,145.51584446683844,152.50119487386038,-6.1772800000000005,QFA473,12575.0,4347.0,1021372.033410415,-4266497.677960666
328,2022-04-25 08:16:20+00:00,7c6d9d,-37.529296875,145.50246218417553,152.50119487386038,-6.1772800000000005,QFA473,12400.0,4347.0,1020109.5903464076,-4267248.051428692
329,2022-04-25 08:16:30+00:00,7c6d9d,-37.53753662109375,145.48820333277925,152.50119487386038,-6.1772800000000005,QFA473,12175.0,4347.0,1018764.6732990993,-4268047.403777749
330,2022-04-25 08:16:40+00:00,7c6d9d,-37.54568326271186,145.47409057617188,152.27889993330106,-6.502400000000001,QFA473,11975.0,4347.0,1017433.8135512173,-4268837.78781692
331,2022-04-25 08:16:50+00:00,7c6d9d,-37.553736799854335,145.4600591244905,152.27889993330106,-6.502400000000001,QFA473,11775.0,4347.0,1016111.2762806906,-4269618.673824736
332,2022-04-25 08:17:00+00:00,7c6d9d,-37.56206965042372,145.44590825619906,152.27889993330106,-6.502400000000001,QFA473,11550.0,4347.0,1014775.5324716351,-4270429.799661044
333,2022-04-25 08:17:10+00:00,7c6d9d,-37.5699462890625,145.43257043716756,151.14588846425383,-6.1772800000000005,QFA473,11350.0,4347.0,1013516.4830499371,-4271196.998564355
334,2022-04-25 08:17:20+00:00,7c6d9d,-37.57827758789063,145.41831158577128,150.1207180286817,-6.502400000000001,QFA473,11125.0,4347.0,1012171.5845152992,-4272007.446090369
335,2022-04-25 08:17:30+00:00,7c6d9d,-37.58613715737556,145.40482894234034,149.92931788320934,-6.1772800000000005,QFA473,10925.0,4347.0,1010900.260954324,-4272771.928131414
336,2022-04-25 08:17:40+00:00,7c6d9d,-37.59372517213984,145.39181253184444,149.92931788320934,-8.77824,QFA473,10700.0,4347.0,1009673.0623027352,-4273510.16044363
337,2022-04-25 08:17:50+00:00,7c6d9d,-37.601806640625,145.3776972344581,149.92931788320934,-11.05408,QFA473,10375.0,4347.0,1008343.9263713472,-4274294.548603622
338,2022-04-25 08:18:00+00:00,7c6d9d,-37.60945982852223,145.36434671153194,152.31799871718195,-10.72896,QFA473,10000.0,4347.0,1007086.8789785109,-4275037.671692293
339,2022-04-25 08:18:10+00:00,7c6d9d,-37.61764526367188,145.34993922456783,153.75336125617935,-10.72896,QFA473,9625.0,4347.0,1005731.2394525887,-4275831.630043606
340,2022-04-25 08:18:20+00:00,7c6d9d,-37.62583923339844,145.33579724900267,153.10738479364846,-7.80288,QFA473,9350.0,4347.0,1004399.1686418738,-4276628.849929922
341,2022-04-25 08:18:30+00:00,7c6d9d,-37.63422561904133,145.3214164402174,153.10738479364846,-8.45312,QFA473,9075.0,4347.0,1003044.2537860652,-4277445.727281203
342,2022-04-25 08:18:40+00:00,7c6d9d,-37.64241027832031,145.30739642204122,153.10738479364846,-6.502400000000001,QFA473,8850.0,4347.0,1001723.4347636448,-4278243.259635304
343,2022-04-25 08:18:50+00:00,7c6d9d,-37.650286141088486,145.2940103282099,152.08499540914283,-6.827520000000001,QFA473,8650.0,4347.0,1000461.8993699426,-4279011.710591288
344,2022-04-25 08:19:00+00:00,7c6d9d,-37.658294677734375,145.27998903964428,151.0644461981012,-7.152640000000001,QFA473,8425.0,4347.0,999143.097763689,-4279790.020877062
345,2022-04-25 08:19:10+00:00,7c6d9d,-37.66643976761122,145.265648883322,150.58541287133608,-7.152640000000001,QFA473,8175.0,4347.0,997794.9497409018,-4280581.154777924
346,2022-04-25 08:19:20+00:00,7c6d9d,-37.6741208868512,145.25209509808084,149.74651003176427,-7.152640000000001,QFA473,7975.0,4347.0,996521.0786324766,-4281327.154947981
347,2022-04-25 08:19:30+00:00,7c6d9d,-37.68205261230469,145.23820593001994,148.90999021149958,-7.152640000000001,QFA473,7750.0,4347.0,995215.2596636862,-4282098.517766762
348,2022-04-25 08:19:40+00:00,7c6d9d,-37.69001770019531,145.22423926820147,148.61021919360076,-6.827520000000001,QFA473,7500.0,4347.0,993902.4453048855,-4282873.153459271
349,2022-04-25 08:19:50+00:00,7c6d9d,-37.69761657714844,145.21091542345414,148.0758937974632,-6.827520000000001,QFA473,7275.0,4347.0,992650.2193826573,-4283612.346776464
350,2022-04-25 08:20:00+00:00,7c6d9d,-37.70558166503906,145.19712407538233,147.05631671094568,-7.152640000000001,QFA473,7050.0,4347.0,991353.2416487291,-4284388.7170730475
351,2022-04-25 08:20:10+00:00,7c6d9d,-37.71304321289063,145.18403398229722,146.63910159742525,-6.827520000000001,QFA473,6825.0,4347.0,990123.3557562982,-4285114.8222309165
352,2022-04-25 08:20:20+00:00,7c6d9d,-37.72095243809588,145.17029472019362,146.2225059806742,-7.477760000000001,QFA473,6600.0,4347.0,988831.8799357493,-4285885.736476571
353,2022-04-25 08:20:30+00:00,7c6d9d,-37.728424072265625,145.15726941697142,146.03868244938974,-7.152640000000001,QFA473,6375.0,4347.0,987607.943089806,-4286613.796141748
354,2022-04-25 08:20:40+00:00,7c6d9d,-37.736221572100135,145.14354539954144,145.6203691436126,-6.502400000000001,QFA473,6150.0,4347.0,986319.2639648818,-4287372.7511715405
355,2022-04-25 08:20:50+00:00,7c6d9d,-37.74371648238878,145.13064840565556,143.12364636130374,-2.92608,QFA473,6025.0,4347.0,985106.7503880558,-4288104.725811667
356,2022-04-25 08:21:00+00:00,7c6d9d,-37.751490706104335,145.11757228685462,139.62013951038543,-2.92608,QFA473,5925.0,4347.0,983875.830635081,-4288866.502741717
357,2022-04-25 08:21:10+00:00,7c6d9d,-37.75907872086867,145.1047947095788,137.04792022191648,-3.90144,QFA473,5825.0,4347.0,982673.261278168,-4289610.073455311
358,2022-04-25 08:21:20+00:00,7c6d9d,-37.7662943177304,145.09249479874322,133.86026635369444,-3.90144,QFA473,5725.0,4347.0,981516.6714926925,-4290316.12451405
359,2022-04-25 08:21:30+00:00,7c6d9d,-37.77314758300781,145.08071574758978,132.94670299352205,-5.52704,QFA473,5575.0,4347.0,980409.7540268392,-4290986.096750458
360,2022-04-25 08:21:40+00:00,7c6d9d,-37.78025998907577,145.06843235181725,132.3441560812173,-5.52704,QFA473,5375.0,4347.0,979255.9194731261,-4291681.079487503
361,2022-04-25 08:21:50+00:00,7c6d9d,-37.7871497202728,145.05625185759172,131.7468886990678,-5.52704,QFA473,5200.0,4347.0,978113.4920225122,-4292352.244901479
362,2022-04-25 08:22:00+00:00,7c6d9d,-37.79383850097656,145.0441920503657,131.15497297454104,-5.52704,QFA473,5025.0,4347.0,976983.819452976,-4293002.141465763
363,2022-04-25 08:22:10+00:00,7c6d9d,-37.80061340332031,145.03192008809842,130.14518148861293,-5.52704,QFA473,4850.0,4347.0,975834.7181669895,-4293660.099411268
364,2022-04-25 08:22:20+00:00,7c6d9d,-37.807159423828125,145.01988187749336,129.83979542483576,-5.52704,QFA473,4675.0,4347.0,974708.6128122811,-4294294.556724058
365,2022-04-25 08:22:30+00:00,7c6d9d,-37.812835693359375,145.0064411569149,128.91929688662128,-4.55168,QFA473,4500.0,4347.0,973467.4017918599,-4294821.564755876
366,2022-04-25 08:22:40+00:00,7c6d9d,-37.816314697265625,144.99288356050533,125.66025273490196,-3.2512000000000003,QFA473,4400.0,4347.0,972237.4313285687,-4295103.479350272
367,2022-04-25 08:22:50+00:00,7c6d9d,-37.81861903303764,144.97898931088656,122.8864476600254,-3.2512000000000003,QFA473,4300.0,4347.0,970989.2760309755,-4295252.306161803
368,2022-04-25 08:23:00+00:00,7c6d9d,-37.8208535404529,144.96585348378056,120.08053066940462,-3.2512000000000003,QFA473,4200.0,4347.0,969808.7484052875,-4295399.3628388755
369,2022-04-25 08:23:10+00:00,7c6d9d,-37.81494140625,144.9525029608544,118.6861442561546,-4.55168,QFA473,4075.0,4347.0,968688.4793294697,-4294638.936617811
370,2022-04-25 08:23:20+00:00,7c6d9d,-37.81494140625,144.93947130568486,116.42812230877006,-4.55168,QFA473,3900.0,4347.0,967538.8157027905,-4294538.546726301
371,2022-04-25 08:23:30+00:00,7c6d9d,-37.81494140625,144.92674454398778,114.60098917929984,-6.502400000000001,QFA473,3675.0,4347.0,966416.0399940824,-4294440.620659474
372,2022-04-25 08:23:40+00:00,7c6d9d,-37.81494140625,144.91410925033244,113.58499468570162,-6.502400000000001,QFA473,3425.0,4347.0,965301.3239407712,-4294343.510874923
373,2022-04-25 08:23:50+00:00,7c6d9d,-37.81494140625,144.90148793096128,110.53844233831045,-5.8521600000000005,QFA473,3225.0,4347.0,964187.8309906393,-4294246.620381993
374,2022-04-25 08:24:00+00:00,7c6d9d,-37.81494140625,144.88930743673575,106.5097880380702,-5.52704,QFA473,3050.0,4347.0,963113.2198155967,-4294153.2200251315
375,2022-04-25 08:24:10+00:00,7c6d9d,-37.81494140625,144.87855994183084,101.72081321602866,-5.20192,QFA473,2900.0,4347.0,962165.0259707328,-4294070.894441424
376,2022-04-25 08:24:20+00:00,7c6d9d,-37.81494140625,144.87002165421197,97.29658033145216,-5.20192,QFA473,2750.0,4347.0,961411.7336221088,-4294005.549139549
377,2022-04-25 08:24:30+00:00,7c6d9d,-37.81494140625,144.86543046667222,95.51079244613555,-5.52704,QFA473,2550.0,4347.0,961006.673232159,-4293970.432979797
378,2022-04-25 08:24:40+00:00,7c6d9d,-37.806422346729335,144.86327461574388,95.01768146163904,-5.52704,QFA473,2350.0,4347.0,960898.5713086005,-4293006.5480359495
379,2022-04-25 08:24:50+00:00,7c6d9d,-37.798089496159946,144.86208044964334,94.94941712047442,-4.8768,QFA473,2200.0,4347.0,960873.4999131035,-4292070.7527422095
380,2022-04-25 08:25:00+00:00,7c6d9d,-37.78938422768806,144.8604086171026,93.6358742718118,-4.8768,QFA473,2050.0,4347.0,960809.842969181,-4291089.919525565
381,2022-04-25 08:25:10+00:00,7c6d9d,-37.78114448159431,144.85885620117188,91.60137338903212,-4.8768,QFA473,1875.0,4347.0,960752.2127221323,-4290161.794589119
382,2022-04-25 08:25:20+00:00,7c6d9d,-37.77342224121094,144.8574244722407,87.96390690532812,-4.8768,QFA473,1725.0,4347.0,960700.2256319735,-4289292.163280389
383,2022-04-25 08:25:30+00:00,7c6d9d,-37.76573569087663,144.85593049422553,84.24953123565449,-3.90144,QFA473,1600.0,4347.0,960642.3783912603,-4288426.048289952
384,2022-04-25 08:25:40+00:00,7c6d9d,-37.75861319849048,144.8545572032099,79.59431283865429,-4.22656,QFA473,1450.0,4347.0,960589.7319430095,-4287623.596453529
385,2022-04-25 08:25:50+00:00,7c6d9d,-37.7515869140625,144.85327538023606,77.99215363138669,-3.90144,QFA473,1325.0,4347.0,960544.2152253272,-4286832.560944383
386,2022-04-25 08:26:00+00:00,7c6d9d,-37.74467468261719,144.85198974609375,77.48319102844282,-4.22656,QFA473,1200.0,4347.0,960497.2465240896,-4286054.196727131
387,2022-04-25 08:26:10+00:00,7c6d9d,-37.73748779296875,144.85064567403592,77.40972050651851,-4.22656,QFA473,1050.0,4347.0,960447.7437342254,-4285244.8680222025
388,2022-04-25 08:26:20+00:00,7c6d9d,-37.73068185579979,144.8494222889776,76.46548591032197,-4.22656,QFA473,925.0,4347.0,960405.213231383,-4284478.835788034
389,2022-04-25 08:26:30+00:00,7c6d9d,-37.72389221191406,144.84807440575133,76.46548591032197,-4.22656,QFA473,800.0,4347.0,960351.5154397449,-4283713.681891479
390,2022-04-25 08:26:40+00:00,7c6d9d,-37.717071533203125,144.84678877160906,76.46548591032197,-3.90144,QFA473,650.0,4347.0,960303.5957177494,-4282945.571729153
391,2022-04-25 08:26:50+00:00,7c6d9d,-37.71033852787343,144.84560095745584,76.39103659755378,-3.90144,QFA473,525.0,4347.0,960263.4549463143,-4282187.974125866
392,2022-04-25 08:27:00+00:00,7c6d9d,-37.70372811010327,144.8444067913553,75.9567463439871,-3.90144,QFA473,400.0,4347.0,960221.5584364956,-4281443.973679617
393,2022-04-25 08:27:10+00:00,7c6d9d,-37.69697570800781,144.84310718292886,75.9567463439871,-3.5763200000000004,QFA473,275.0,4347.0,960171.6977377785,-4280683.401083783
394,2022-04-25 08:27:20+00:00,7c6d9d,-37.68999519994702,144.8417796259341,75.9567463439871,-3.5763200000000004,QFA473,150.0,4347.0,960121.5439391579,-4279897.276076748
