time,icao24,lat,lon,velocity,heading,vertrate,callsign,onground,alert,spi,squawk,baroaltitude,geoaltitude,lastposupdate,lastcontact
1646035520,7c6db3,-33.93215890658104,151.1887550354004,82.83187436217293,25.76932762433872,7.477760000000001,QFA485  ,False,False,False,4223.0,373.38,403.86,1646035519.901,1646035519.915
1646035530,7c6db3,-33.9273640260858,151.19522094726562,80.81848109854874,58.53585636913425,14.955520000000002,QFA485  ,False,False,False,4223.0,510.54,541.02,1646035529.868,1646035529.954
1646035540,7c6db3,-33.926239013671875,151.20354477240116,79.23940702864705,91.11601039140729,17.231360000000002,QFA485  ,False,False,False,4223.0,678.1800000000001,716.2800000000001,1646035539.855,1646035539.856
1646035550,7c6db3,-33.928667488744736,151.21187210083008,82.83187436217293,115.76932762433871,14.305280000000002,QFA485  ,False,False,False,4223.0,838.2,883.9200000000001,1646035549.905,1646035549.997
1646035560,7c6db3,-33.93241882324219,151.21991215919962,90.09822469665276,119.78545903768855,8.128,QFA485  ,False,False,False,4223.0,929.64,967.74,1646035559.38,1646035559.846
1646035570,7c6db3,-33.93690490722656,151.22921690648917,103.1007897605418,117.97158458138142,6.1772800000000005,QFA485  ,False,False,False,4223.0,1005.84,1059.18,1646035569.423,1646035569.965
1646035580,7c6db3,-33.94029235839844,151.2407077088648,112.57393635374648,105.36993975077802,9.7536,QFA485  ,False,False,False,4223.0,1097.28,1143.0,1646035579.705,1646035579.95
1646035590,7c6db3,-33.94166564941406,151.25348772321428,119.6345024801578,93.9451862290376,9.7536,QFA485  ,False,False,False,4223.0,1211.5800000000002,1272.5400000000002,1646035589.994,1646035589.994
1646035600,7c6db3,-33.941253662109375,151.26688431720345,125.7307871746278,86.71613771209364,16.256,QFA485  ,False,False,False,4223.0,1348.74,1402.0800000000002,1646035599.954,1646035599.954
1646035610,7c6db3,-33.94063141386391,151.2803077697754,128.32877502967423,86.55261314813481,18.85696,QFA485  ,False,False,False,4223.0,1524.0,1577.34,1646035609.962,1646035609.962
1646035620,7c6db3,-33.939971923828125,151.2942380321269,131.35358199871212,87.08156527921845,19.182080000000003,QFA485  ,False,False,False,4223.0,1714.5,1783.0800000000002,1646035619.704,1646035619.832
1646035630,7c6db3,-33.93937683105469,151.3088117327009,132.38114592391037,87.10423802653342,22.10816,QFA485  ,False,False,False,4223.0,1920.24,2004.06,1646035629.958,1646035629.958
1646035640,7c6db3,-33.93891906738281,151.3234414859694,133.2767440693271,88.6729220091259,21.45792,QFA485  ,False,False,False,4223.0,2125.98,2209.8,1646035639.882,1646035639.903
1646035650,7c6db3,-33.94039865267479,151.3377571105957,136.2121037874697,101.98896177213788,14.305280000000002,QFA485  ,False,False,False,4223.0,2301.24,2400.3,1646035649.82,1646035649.943
1646035660,7c6db3,-33.94551939883473,151.35177612304688,144.03053959082902,117.2057121056542,10.72896,QFA485  ,False,False,False,4223.0,2400.3,2491.74,1646035659.956,1646035659.972
1646035670,7c6db3,-33.95379638671875,151.36385547871492,153.92539304286475,133.51037455445714,9.42848,QFA485  ,False,False,False,4223.0,2468.88,2567.94,1646035669.341,1646035669.834
1646035680,7c6db3,-33.96592712402344,151.37377680564413,164.69440779865187,150.63249730305523,14.955520000000002,QFA485  ,False,False,False,4223.0,2552.7000000000003,2659.38,1646035679.644,1646035679.839
1646035690,7c6db3,-33.9796142578125,151.3799426020408,169.9667233272394,164.91218997314903,20.482560000000003,QFA485  ,False,False,False,4223.0,2689.86,2804.1600000000003,1646035689.379,1646035689.759
1646035700,7c6db3,-33.996121681342686,151.38164520263672,176.4610411362335,180.5011164888793,19.182080000000003,QFA485  ,False,False,False,4223.0,2834.6400000000003,2948.9400000000005,1646035699.867,1646035699.993
1646035710,7c6db3,-34.01129150390625,151.3783731265944,180.04731569851162,193.7185986030084,21.78304,QFA485  ,False,False,False,4223.0,3002.28,3101.34,1646035709.488,1646035709.987
1646035720,7c6db3,-34.02616882324219,151.36990916972258,184.4796470917992,209.2097927215063,21.78304,QFA485  ,False,False,False,4223.0,3147.06,3261.36,1646035719.493,1646035719.774
1646035730,7c6db3,-34.03988078489141,151.3571548461914,185.68649339436715,219.3787569335605,19.5072,QFA485  ,False,False,False,4223.0,3345.1800000000003,3482.34,1646035729.84,1646035729.958
1646035740,7c6db3,-34.05171203613281,151.343956772162,187.7163790374773,224.33380002981687,20.482560000000003,QFA485  ,False,False,False,4223.0,3512.82,3642.36,1646035739.477,1646035739.998
1646035750,7c6db3,-34.063250008275986,151.3278579711914,188.72874382270896,230.9743232864806,21.1328,QFA485  ,False,False,False,4223.0,3710.94,3863.34,1646035749.796,1646035749.985
1646035760,7c6db3,-34.07358460507152,151.3120079040527,190.58605416886547,232.0165017447229,17.55648,QFA485  ,False,False,False,4223.0,3878.58,4038.6,1646035759.56,1646035759.964
1646035770,7c6db3,-34.08443127648309,151.29535675048828,191.3980588329075,232.20605700138327,19.182080000000003,QFA485  ,False,False,False,4223.0,4046.22,4221.4800000000005,1646035769.844,1646035769.926
1646035780,7c6db3,-34.09510803222656,151.27871143574615,192.43575325769064,232.05784664988107,18.20672,QFA485  ,False,False,False,4223.0,4236.72,4411.9800000000005,1646035779.981,1646035779.982
1646035790,7c6db3,-34.10579875364141,151.26251220703125,193.3050284213272,231.48307369289725,17.881600000000002,QFA485  ,False,False,False,4223.0,4411.9800000000005,4587.240000000001,1646035789.877,1646035789.973
1646035800,7c6db3,-34.11669197729077,151.2460899353027,194.2698848971175,231.12693300549407,18.531840000000003,QFA485  ,False,False,False,4223.0,4579.62,4770.12,1646035799.926,1646035799.994
1646035810,7c6db3,-34.12749209646455,151.2300682067871,194.5931606629043,231.0090059574945,19.182080000000003,QFA485  ,False,False,False,4223.0,4754.88,4960.62,1646035809.645,1646035809.92
1646035820,7c6db3,-34.13875773801641,151.21335983276367,194.91725803754971,230.8914705777928,17.881600000000002,QFA485  ,False,False,False,4223.0,4937.76,5143.5,1646035819.807,1646035819.98
1646035830,7c6db3,-34.14965096166577,151.19728088378906,195.6409632178139,230.86960044301472,15.60576,QFA485  ,False,False,False,4223.0,5097.780000000001,5318.76,1646035829.679,1646035829.992
1646035840,7c6db3,-34.160980224609375,151.18056316764986,197.41382135329096,230.7105931374996,15.93088,QFA485  ,False,False,False,4223.0,5234.9400000000005,5463.540000000001,1646035839.704,1646035839.976
1646035850,7c6db3,-34.17228698730469,151.16391551737885,198.86172020093744,230.66887797958967,13.98016,QFA485  ,False,False,False,4223.0,5394.96,5631.18,1646035849.67,1646035849.998
1646035860,7c6db3,-34.183685302734375,151.14715576171875,201.1061547524224,230.81371717933487,13.98016,QFA485  ,False,False,False,4223.0,5516.88,5753.1,1646035859.713,1646035859.932
1646035870,7c6db3,-34.19550491591633,151.12964630126953,202.2288459338997,230.88493092982583,13.65504,QFA485  ,False,False,False,4223.0,5654.04,5882.64,1646035869.994,1646035869.994
1646035880,7c6db3,-34.20652770996094,151.11335598692602,204.4751500880594,231.0250118550705,14.305280000000002,QFA485  ,False,False,False,4223.0,5783.58,6042.66,1646035879.508,1646035879.988
1646035890,7c6db3,-34.21815490722656,151.0960357043208,205.9222365440789,230.98251692585745,14.305280000000002,QFA485  ,False,False,False,4223.0,5905.5,6164.58,1646035889.538,1646035889.939
1646035900,7c6db3,-34.230186333090614,151.0781478881836,206.6458218038318,230.9614926526558,14.955520000000002,QFA485  ,False,False,False,4223.0,6050.280000000001,6316.9800000000005,1646035899.847,1646035899.973
1646035910,7c6db3,-34.24205017089844,151.0604982959981,207.7691498842676,231.03000880828145,14.630400000000002,QFA485  ,False,False,False,4223.0,6195.06,6461.76,1646035910.0,1646035910.0
1646035920,7c6db3,-34.253695213188564,151.04307174682617,208.49267213882604,231.0090059574945,14.305280000000002,QFA485  ,False,False,False,4223.0,6332.22,6614.16,1646035919.829,1646035919.965
1646035930,7c6db3,-34.2655660338321,151.02544784545898,209.21622221534668,230.9881483757755,14.630400000000002,QFA485  ,False,False,False,4223.0,6469.38,6751.32,1646035929.738,1646035929.972
1646035940,7c6db3,-34.27743685447564,151.0077667236328,209.61620345837864,231.0766637636044,15.280640000000002,QFA485  ,False,False,False,4223.0,6614.160000000001,6903.720000000001,1646035939.783,1646035939.913
1646035950,7c6db3,-34.28919982910156,150.9902082170759,210.3396633318417,231.0556848659339,14.305280000000002,QFA485  ,False,False,False,4223.0,6758.9400000000005,7056.120000000001,1646035949.684,1646035949.984
1646035960,7c6db3,-34.30099228681144,150.97257614135742,211.4633935917399,231.12250366148737,13.32992,QFA485  ,False,False,False,4223.0,6880.860000000001,7185.660000000001,1646035959.66,1646035959.957
1646035970,7c6db3,-34.31336975097656,150.95416633450256,212.5102098450712,230.9936052465905,12.67968,QFA485  ,False,False,False,4223.0,7010.400000000001,7322.820000000001,1646035969.922,1646035969.922
1646035980,7c6db3,-34.32529255495234,150.93629837036133,213.63367219261855,231.06007170111488,12.35456,QFA485  ,False,False,False,4223.0,7117.08,7437.12,1646035979.711,1646035979.995
1646035990,7c6db3,-34.337209927833726,150.9185028076172,215.48081241439,231.10519918784968,9.42848,QFA485  ,False,False,False,4223.0,7223.76,7543.8,1646035989.635,1646035989.97
1646036000,7c6db3,-34.3494873046875,150.90018758968432,217.6511581808298,231.04409216224116,10.72896,QFA485  ,False,False,False,4223.0,7322.820000000001,7650.48,1646035999.626,1646035999.987
1646036010,7c6db3,-34.36225503177968,150.8811378479004,219.89878541575888,231.17272191369324,10.40384,QFA485  ,False,False,False,4223.0,7414.26,7741.92,1646036009.931,1646036009.998
1646036020,7c6db3,-34.37426550913665,150.8631706237793,221.34547198621885,231.1322224976793,10.07872,QFA485  ,False,False,False,4223.0,7513.320000000001,7848.6,1646036019.519,1646036019.871
1646036030,7c6db3,-34.38730013572564,150.84365844726562,222.7922677121992,231.0922490620488,11.05408,QFA485  ,False,False,False,4223.0,7620.0,7955.28,1646036029.935,1646036029.993
1646036040,7c6db3,-34.39947509765625,150.82524513711735,224.160671792082,231.7098368077569,10.40384,QFA485  ,False,False,False,4366.0,7719.06,8061.96,1646036039.721,1646036039.909
1646036050,7c6db3,-34.41183316505561,150.80617904663086,225.05734398108964,232.056096037901,11.05408,QFA485  ,False,False,False,4223.0,7818.120000000001,8168.640000000001,1646036049.594,1646036049.889
1646036060,7c6db3,-34.42421606031519,150.78689575195312,224.1116699550901,232.36725597053407,15.60576,QFA485  ,False,False,False,4223.0,7940.04,8298.18,1646036059.517,1646036059.787
1646036070,7c6db3,-34.43655240333686,150.7675552368164,221.63403436447817,232.54492903875683,18.85696,QFA485  ,False,False,False,4223.0,8122.92,8481.06,1646036069.582,1646036069.998
1646036080,7c6db3,-34.44854736328125,150.74862110371492,218.6538301823648,232.45606545617147,19.182080000000003,QFA485  ,False,False,False,4223.0,8298.18,8663.94,1646036079.67,1646036079.98
1646036090,7c6db3,-34.460723876953125,150.7295631875797,216.80320615179855,232.4231186512777,9.7536,QFA485  ,False,False,False,4223.0,8450.58,8823.96,1646036089.852,1646036089.992
1646036100,7c6db3,-34.47248840332031,150.7111218510842,220.09667544584065,232.4069121284952,7.152640000000001,QFA485  ,False,False,False,4223.0,8496.300000000001,8869.68,1646036099.651,1646036099.983
1646036110,7c6db3,-34.484966730667395,150.69150924682617,220.81815822647644,232.3825763527289,8.45312,QFA485  ,False,False,False,4223.0,8587.74,8961.119999999999,1646036109.917,1646036109.932
1646036120,7c6db3,-34.496697894597446,150.67319869995117,222.26124213304885,232.33437880141668,9.10336,QFA485  ,False,False,False,4223.0,8671.560000000001,9052.56,1646036119.508,1646036119.962
1646036130,7c6db3,-34.50883483886719,150.65428441884566,222.98284249308705,232.3105139752145,9.42848,QFA485  ,False,False,False,4223.0,8763.0,9136.38,1646036129.506,1646036129.858
1646036140,7c6db3,-34.521463685116544,150.63446044921875,223.3901618301784,232.3911834765784,9.7536,QFA485  ,False,False,False,4223.0,8854.44,9243.06,1646036139.802,1646036139.927
1646036150,7c6db3,-34.53373718261719,150.615271743463,222.98284249308705,232.3105139752145,11.3792,QFA485  ,False,False,False,4223.0,8961.12,9349.740000000002,1646036149.754,1646036149.979
1646036160,7c6db3,-34.54590360997088,150.59629440307617,222.98284249308705,232.3105139752145,11.05408,QFA485  ,False,False,False,4223.0,9067.8,9456.42,1646036159.697,1646036159.89
1646036170,7c6db3,-34.55827331542969,150.57693170041455,222.57596679636976,232.22954938021604,10.07872,QFA485  ,False,False,False,4223.0,9174.48,9570.72,1646036169.73,1646036169.882
1646036180,7c6db3,-34.57035827636719,150.5581540477519,222.89143442808637,232.1250163489018,8.77824,QFA485  ,False,False,False,4223.0,9265.92,9654.54,1646036179.579,1646036179.884
1646036190,7c6db3,-34.58263332560915,150.5390167236328,223.29773530505875,232.20605700138327,9.7536,QFA485  ,False,False,False,4223.0,9349.74,9753.6,1646036189.666,1646036189.976
1646036200,7c6db3,-34.59520242981995,150.51939010620117,223.70448128856185,232.2868031139816,7.477760000000001,QFA485  ,False,False,False,4223.0,9433.56,9837.420000000002,1646036199.759,1646036199.835
1646036210,7c6db3,-34.607940673828125,150.4994668765944,225.14787270749292,232.23983739662205,7.152640000000001,QFA485  ,False,False,False,4223.0,9509.76,9906.000000000002,1646036209.998,1646036209.998
1646036220,7c6db3,-34.620200981528114,150.48019409179688,225.9621703603287,232.3995946598871,7.80288,QFA485  ,False,False,False,4223.0,9578.34,9982.2,1646036219.995,1646036219.995
1646036230,7c6db3,-34.632659912109375,150.4606784119898,226.6836645598973,232.3759118688939,7.477760000000001,QFA485  ,False,False,False,4223.0,9654.54,10050.78,1646036229.834,1646036229.937
1646036240,7c6db3,-34.64533996582031,150.44077970543685,229.2556642222949,232.3843735478784,0.65024,QFA485  ,False,False,False,4223.0,9685.02,10096.5,1646036239.991,1646036239.991
1646036250,7c6db3,-34.65781518968487,150.421142578125,232.956807526075,232.4468370214292,2.27584,QFA485  ,False,False,False,4223.0,9700.26,10111.74,1646036249.839,1646036249.944
1646036260,7c6db3,-34.67019808494439,150.40163040161133,236.34545018091416,232.60629832764815,1.95072,QFA485  ,False,False,False,4223.0,9715.5,10119.36,1646036259.484,1646036259.944
1646036270,7c6db3,-34.68370056152344,150.38024279536037,238.5090214803728,232.5368971882719,7.477760000000001,QFA485  ,False,False,False,4223.0,9768.84,10180.32,1646036269.898,1646036269.957
1646036280,7c6db3,-34.696746826171875,150.3596154037787,238.5090214803728,232.5368971882719,8.77824,QFA485  ,False,False,False,4223.0,9852.66,10264.14,1646036279.924,1646036279.934
1646036290,7c6db3,-34.709930419921875,150.33881985411352,238.5090214803728,232.5368971882719,9.42848,QFA485  ,False,False,False,4223.0,9944.1,10355.58,1646036289.875,1646036289.928
1646036300,7c6db3,-34.72275556144069,150.31866073608398,238.00750409055408,232.2879422970001,9.42848,QFA485  ,False,False,False,4223.0,10035.54,10454.64,1646036299.674,1646036299.98
1646036310,7c6db3,-34.73606872558594,150.2977332290338,237.69317042766136,232.38604315126724,9.42848,QFA485  ,False,False,False,4223.0,10126.98,10546.080000000002,1646036309.867,1646036309.955
1646036320,7c6db3,-34.7489644713321,150.27740478515625,238.1008896352762,232.46159939481103,7.80288,QFA485  ,False,False,False,4223.0,10203.18,10622.28,1646036319.774,1646036319.919
1646036330,7c6db3,-34.76202392578125,150.25681476203764,238.1008896352762,232.46159939481103,7.477760000000001,QFA485  ,False,False,False,4223.0,10279.38,10698.48,1646036329.935,1646036329.985
1646036340,7c6db3,-34.77480096332101,150.2365493774414,238.91756384828253,232.6119375967149,6.827520000000001,QFA485  ,False,False,False,4223.0,10347.96,10774.68,1646036339.661,1646036339.909
1646036350,7c6db3,-34.78760282872088,150.21629333496094,238.5090214803728,232.5368971882719,9.7536,QFA485  ,False,False,False,4223.0,10431.78,10850.88,1646036349.398,1646036349.924
1646036360,7c6db3,-34.80110297768806,150.19489288330078,237.0666018502067,232.58302386367808,12.35456,QFA485  ,False,False,False,4223.0,10553.7,10980.42,1646036359.84,1646036359.953
1646036370,7c6db3,-34.81432381322827,150.17412185668945,235.1211696914452,232.37790339006148,12.35456,QFA485  ,False,False,False,4223.0,10675.62,11094.72,1646036369.974,1646036369.974
1646036380,7c6db3,-34.82670593261719,150.1544625418527,233.05221692666987,232.62419250445183,11.3792,QFA485  ,False,False,False,4223.0,10789.92,11224.26,1646036379.743,1646036379.975
1646036390,7c6db3,-34.83943176269531,150.13428357182718,233.77333885346425,232.60053496543577,1.95072,QFA485  ,False,False,False,4223.0,10850.88,11285.22,1646036389.752,1646036389.847
1646036400,7c6db3,-34.85215759277344,150.11404854910714,236.0333881186944,232.7055119348445,5.52704,QFA485  ,False,False,False,4223.0,10873.74,11315.7,1646036399.633,1646036399.864
1646036410,7c6db3,-34.86534118652344,150.0930287886639,234.49450039067892,232.5770229346478,11.05408,QFA485  ,False,False,False,4223.0,10972.8,11407.14,1646036409.953,1646036409.993
1646036420,7c6db3,-34.877867617849574,150.07318496704102,233.46123952391468,232.7008339421468,8.128,QFA485  ,False,False,False,4223.0,11056.62,11498.580000000002,1646036419.727,1646036419.865
1646036430,7c6db3,-34.89048327429822,150.05315780639648,233.05221692666987,232.62419250445183,6.827520000000001,QFA485  ,False,False,False,4223.0,11132.82,11574.78,1646036429.522,1646036429.993
1646036440,7c6db3,-34.90361100536285,150.03232955932617,233.05221692666987,232.62419250445183,6.1772800000000005,QFA485  ,False,False,False,4223.0,11201.4,11643.36,1646036439.972,1646036439.972
1646036450,7c6db3,-34.916107177734375,150.01248106664542,233.46123952391468,232.7008339421468,5.52704,QFA485  ,False,False,False,4223.0,11247.12,11696.7,1646036449.76,1646036449.959
1646036460,7c6db3,-34.92897033691406,149.9919097277583,234.59154069506752,232.75316187455883,1.30048,QFA485  ,False,False,False,4223.0,11285.22,11734.8,1646036459.892,1646036459.959
1646036470,7c6db3,-34.94146728515625,149.97195496851086,237.16370563447117,232.7572500500434,1.30048,QFA485  ,False,False,False,4223.0,11285.22,11734.8,1646036469.531,1646036469.912
1646036480,7c6db3,-34.95472536248678,149.95067596435547,240.1456331265832,232.83552510648852,0.32512,QFA485  ,False,False,False,4223.0,11292.84,11742.42,1646036479.824,1646036479.95
1646036490,7c6db3,-34.967559814453125,149.93008360570792,241.5871966984599,232.788479097098,4.55168,QFA485  ,False,False,False,4223.0,11315.7,11765.28,1646036489.551,1646036489.821
1646036500,7c6db3,-34.98101806640625,149.90861542370854,242.6196661959996,232.6684415179793,4.55168,QFA485  ,False,False,False,4223.0,11361.42,11811.0,1646036499.797,1646036499.967
1646036510,7c6db3,-34.99415588378906,149.88770776865434,243.0289212203753,232.7419912403256,5.20192,QFA485  ,False,False,False,4223.0,11414.76,11864.34,1646036509.581,1646036509.928
1646036520,7c6db3,-35.00715637207031,149.86702432437818,243.34071280004568,232.64558299911124,6.1772800000000005,QFA485  ,False,False,False,4223.0,11468.1,11910.06,1646036519.499,1646036519.927
1646036530,7c6db3,-35.02082954018806,149.84527587890625,242.93198303548505,232.57196544398383,7.80288,QFA485  ,False,False,False,4223.0,11544.3,11993.88,1646036529.757,1646036529.924
1646036540,7c6db3,-35.03446934586867,149.82358932495117,241.89865843902223,232.6914363056005,8.128,QFA485  ,False,False,False,4223.0,11620.5,12070.08,1646036539.915,1646036539.978
1646036550,7c6db3,-35.047317763506385,149.80304718017578,240.45676086404663,232.7378395602812,8.77824,QFA485  ,False,False,False,4223.0,11704.32,12153.9,1646036549.734,1646036549.875
1646036560,7c6db3,-35.060211181640625,149.7824408083546,238.6055382529806,232.7100890707385,10.07872,QFA485  ,False,False,False,4223.0,11803.38,12252.96,1646036559.728,1646036559.977
1646036570,7c6db3,-35.07324735997088,149.7616195678711,236.0333881186944,232.7055119348445,10.72896,QFA485  ,False,False,False,4223.0,11910.06,12359.64,1646036569.965,1646036569.992
1646036580,7c6db3,-35.08575439453125,149.74163444674744,233.14985753083144,232.8014011352035,9.42848,QFA485  ,False,False,False,4223.0,12016.74,,1646036579.707,1646036579.993
1646036590,7c6db3,-35.09838556839247,149.72139358520508,231.70834169203889,232.85024064796107,7.477760000000001,QFA485  ,False,False,False,4223.0,12092.94,12542.52,1646036589.527,1646036589.974
1646036600,7c6db3,-35.11116027832031,149.7008280851403,230.2669963211586,232.89969161426524,6.502400000000001,QFA485  ,False,False,False,4223.0,12169.14,12618.72,1646036599.871,1646036599.943
1646036610,7c6db3,-35.12315368652344,149.68148990553252,230.98764749865583,232.87488898854733,0.65024,QFA485  ,False,False,False,4223.0,12192.0,12641.58,1646036609.525,1646036609.826
1646036620,7c6db3,-35.13637219445184,149.66022491455078,232.1185922110149,232.9269266826896,0.0,QFA485  ,False,False,False,4223.0,12192.0,12641.58,1646036619.894,1646036619.958
1646036630,7c6db3,-35.14888000488281,149.64012301698023,232.8391957521534,232.90223699978,0.0,QFA485  ,False,False,False,4223.0,12192.0,12641.58,1646036629.889,1646036629.918
1646036640,7c6db3,-35.16151040287343,149.61971282958984,233.24972653654908,232.9784597099636,0.0,QFA485  ,False,False,False,4223.0,12192.0,12649.2,1646036639.81,1646036639.951
1646036650,7c6db3,-35.174285888671875,149.59909244459502,233.66066867467987,233.05441444638177,0.0,QFA485  ,False,False,False,4223.0,12192.0,12641.58,1646036649.841,1646036649.92
1646036660,7c6db3,-35.18636929786811,149.57948684692383,233.35182108271496,233.15536504189856,0.0,QFA485  ,False,False,False,4223.0,12192.0,12641.58,1646036659.71,1646036659.856
1646036670,7c6db3,-35.19960021972656,149.5580058195153,233.24972653654908,232.9784597099636,0.0,QFA485  ,False,False,False,4223.0,12192.0,12641.58,1646036669.929,1646036669.929
1646036680,7c6db3,-35.21187992419226,149.5382308959961,233.24972653654908,232.9784597099636,0.0,QFA485  ,False,False,False,4223.0,12192.0,12641.58,1646036679.824,1646036679.919
1646036690,7c6db3,-35.224542132878696,149.51780319213867,233.55984226213272,232.8776996718668,0.0,QFA485  ,False,False,False,4223.0,12192.0,12641.58,1646036689.674,1646036689.969
1646036700,7c6db3,-35.23681640625,149.49800491333008,233.55984226213272,232.8776996718668,0.0,QFA485  ,False,False,False,4223.0,12192.0,12641.58,1646036699.589,1646036699.994
1646036710,7c6db3,-35.24949645996094,149.47757720947266,233.55984226213272,232.8776996718668,0.0,QFA485  ,False,False,False,4223.0,12192.0,12641.58,1646036709.551,1646036709.917
1646036720,7c6db3,-35.262451171875,149.45674896240234,233.55984226213272,232.8776996718668,-0.32512,QFA485  ,False,False,False,4223.0,12184.38,12641.58,1646036719.702,1646036719.964
1646036730,7c6db3,-35.27522277832031,149.43609237670898,233.55984226213272,232.8776996718668,0.0,QFA485  ,False,False,False,4223.0,12184.38,12633.96,1646036729.802,1646036729.988
1646036740,7c6db3,-35.28789972854872,149.41564032372008,233.24972653654908,232.9784597099636,0.32512,QFA485  ,False,False,False,4223.0,12184.38,12641.58,1646036739.689,1646036739.976
1646036750,7c6db3,-35.300628662109375,149.3950080871582,232.94033409114837,233.07948772110925,0.0,QFA485  ,False,False,False,4223.0,12192.0,12641.58,1646036749.973,1646036749.973
1646036760,7c6db3,-35.31322414592165,149.37455846908244,232.94033409114837,233.07948772110925,0.0,QFA485  ,False,False,False,4223.0,12192.0,12641.58,1646036759.9,1646036759.948
1646036770,7c6db3,-35.32562255859375,149.35426712036133,232.73630776618413,233.3580684437,0.0,QFA485  ,False,False,False,4223.0,12192.0,12641.58,1646036769.789,1646036769.803
1646036780,7c6db3,-35.337249755859375,149.3330955505371,231.53866583968485,238.07558109908985,0.65024,QFA485  ,False,False,False,4223.0,12192.0,12641.58,1646036779.626,1646036779.923
1646036790,7c6db3,-35.34764099121094,149.3107795715332,231.44834988268497,240.87117861145703,0.0,QFA485  ,False,False,False,4223.0,12184.38,12633.96,1646036789.994,1646036789.994
1646036800,7c6db3,-35.357681533037635,149.28853785738033,231.39974760129107,241.1557228014953,0.0,QFA485  ,False,False,False,4223.0,12192.0,12641.58,1646036799.982,1646036799.987
1646036810,7c6db3,-35.36759715969282,149.26650676321478,231.1520032392653,241.2674180759577,0.0,QFA485  ,False,False,False,4223.0,12192.0,12641.58,1646036809.699,1646036809.901
1646036820,7c6db3,-35.37757873535156,149.24428939819336,231.1520032392653,241.2674180759577,0.0,QFA485  ,False,False,False,4223.0,12192.0,12641.58,1646036819.675,1646036819.953
1646036830,7c6db3,-35.387940487619176,149.2211005028258,231.1520032392653,241.2674180759577,-0.32512,QFA485  ,False,False,False,4223.0,12192.0,12641.58,1646036829.935,1646036829.989
1646036840,7c6db3,-35.39743714413402,149.2000044153092,231.1520032392653,241.2674180759577,0.32512,QFA485  ,False,False,False,4223.0,12192.0,12633.96,1646036839.559,1646036839.988
1646036850,7c6db3,-35.40763208421612,149.17727206615692,231.1520032392653,241.2674180759577,-0.32512,QFA485  ,False,False,False,4223.0,12192.0,12633.96,1646036849.675,1646036849.995
1646036860,7c6db3,-35.41782702429822,149.15459815492022,231.1520032392653,241.2674180759577,0.0,QFA485  ,False,False,False,4223.0,12184.38,12626.34,1646036859.994,1646036859.994
1646036870,7c6db3,-35.42764954647777,149.1328008124169,230.9492618970911,241.09415137675956,0.0,QFA485  ,False,False,False,4223.0,12184.38,12626.34,1646036869.685,1646036869.932
1646036880,7c6db3,-35.43736267089844,149.1112518310547,230.70103376967188,241.20599868899427,0.32512,QFA485  ,False,False,False,4223.0,12192.0,12633.96,1646036879.668,1646036879.763
1646036890,7c6db3,-35.44743424755035,149.0888554999169,230.4536866687918,241.31808652169423,0.0,QFA485  ,False,False,False,4223.0,12192.0,12633.96,1646036889.555,1646036889.99
1646036900,7c6db3,-35.457275390625,149.0665626525879,230.3520309957796,242.17590361574676,-0.32512,QFA485  ,False,False,False,4223.0,12192.0,12633.96,1646036899.57,1646036899.994
1646036910,7c6db3,-35.46661376953125,149.04344923952794,229.8528653330007,244.1231533159617,0.32512,QFA485  ,False,False,False,4223.0,12184.38,12626.34,1646036909.769,1646036909.974
1646036920,7c6db3,-35.47555179919226,149.02071689037567,229.4056870733178,244.35436084402815,0.0,QFA485  ,False,False,False,4223.0,12184.38,12626.34,1646036919.736,1646036919.976
1646036930,7c6db3,-35.484163963188564,148.99886110995678,229.4056870733178,244.35436084402815,0.32512,QFA485  ,False,False,False,4223.0,12192.0,12633.96,1646036929.36,1646036929.689
1646036940,7c6db3,-35.49314854508742,148.9758950091423,229.4056870733178,244.35436084402815,0.0,QFA485  ,False,False,False,4223.0,12192.0,12633.96,1646036939.528,1646036939.914
1646036950,7c6db3,-35.50208657474843,148.95316265999003,229.4056870733178,244.35436084402815,-0.32512,QFA485  ,False,False,False,4223.0,12192.0,12633.96,1646036949.691,1646036949.964
1646036960,7c6db3,-35.511199951171875,148.9299774169922,229.4056870733178,244.35436084402815,0.0,QFA485  ,False,False,False,4223.0,12184.38,12626.34,1646036959.789,1646036959.895
1646036970,7c6db3,-35.52028849973516,148.90682139295214,228.9420302180987,244.2986388675216,0.32512,QFA485  ,False,False,False,4223.0,12192.0,12633.96,1646036969.947,1646036969.947
1646036980,7c6db3,-35.52885411149367,148.8850240504488,229.1656033698348,244.1827428396711,0.0,QFA485  ,False,False,False,4223.0,12192.0,12633.96,1646036979.532,1646036979.918
1646036990,7c6db3,-35.537933349609375,148.86211395263672,229.1656033698348,244.1827428396711,0.0,QFA485  ,False,False,False,4223.0,12184.38,12626.34,1646036989.833,1646036989.961
1646037000,7c6db3,-35.54691637976697,148.83944247631317,228.7026169765499,244.1266147737139,0.0,QFA485  ,False,False,False,4223.0,12184.38,12626.34,1646036999.512,1646036999.873
1646037010,7c6db3,-35.55601501464844,148.81656646728516,228.7026169765499,244.1266147737139,0.32512,QFA485  ,False,False,False,4223.0,12192.0,12633.96,1646037009.775,1646037009.915
1646037020,7c6db3,-35.565025200278114,148.7936271505153,228.47859077919503,244.24269078819225,-0.32512,QFA485  ,False,False,False,4223.0,12192.0,12633.96,1646037019.785,1646037019.887
1646037030,7c6db3,-35.57391357421875,148.77119064331055,228.7026169765499,244.1266147737139,0.0,QFA485  ,False,False,False,4223.0,12184.38,12626.34,1646037029.913,1646037029.913
1646037040,7c6db3,-35.582977294921875,148.7483024597168,228.7026169765499,244.1266147737139,-0.32512,QFA485  ,False,False,False,4223.0,12184.38,12626.34,1646037039.78,1646037039.979
1646037050,7c6db3,-35.59144592285156,148.7267303466797,228.9420302180987,244.2986388675216,0.32512,QFA485  ,False,False,False,4223.0,12192.0,12633.96,1646037049.161,1646037049.809
1646037060,7c6db3,-35.60069274902344,148.70315551757812,228.4977023543308,244.53110893296585,0.0,QFA485  ,False,False,False,4223.0,12192.0,12633.96,1646037059.77,1646037059.937
1646037070,7c6db3,-35.6094825873941,148.6806666597407,228.7193956317816,244.41476099677044,-0.65024,QFA485  ,False,False,False,4223.0,12184.38,12626.34,1646037069.431,1646037069.936
1646037080,7c6db3,-35.61837406481726,148.65822650016622,228.46526964503104,243.95423169951115,0.0,QFA485  ,False,False,False,4223.0,12184.38,12626.34,1646037079.522,1646037079.927
1646037090,7c6db3,-35.627655029296875,148.6351776123047,228.6864157275344,243.55023192592773,0.0,QFA485  ,False,False,False,4223.0,12184.38,12626.34,1646037089.646,1646037089.82
1646037100,7c6db3,-35.63690185546875,148.6123527364528,228.91890943130792,243.7228648894791,0.0,QFA485  ,False,False,False,4223.0,12184.38,12626.34,1646037099.969,1646037099.983
1646037110,7c6db3,-35.64619445800781,148.58905792236328,228.46526964503104,243.95423169951115,0.0,QFA485  ,False,False,False,4223.0,12192.0,12633.96,1646037109.959,1646037110.0
1646037120,7c6db3,-35.65487101926641,148.56706335189494,228.2555041663388,244.3589941756947,0.0,QFA485  ,False,False,False,4223.0,12192.0,12633.96,1646037119.777,1646037119.923
1646037130,7c6db3,-35.66385560116527,148.54409725108047,228.7193956317816,244.41476099677044,-0.32512,QFA485  ,False,False,False,4223.0,12192.0,12626.34,1646037129.973,1646037130.0
1646037140,7c6db3,-35.672698974609375,148.5216522216797,228.7026169765499,244.1266147737139,0.0,QFA485  ,False,False,False,4223.0,12192.0,12626.34,1646037139.716,1646037139.8
1646037150,7c6db3,-35.68162536621094,148.4992218017578,228.46526964503104,243.95423169951115,0.0,QFA485  ,True,False,False,2261.0,,,1646037149.616,1646037149.931
1646037160,7c6db3,-35.69057658567266,148.4768352102726,228.92758,244.010766416167,0.0,QFA485  ,False,False,False,4223.0,12184.38,12618.72,1646037159.674,1646037159.854
1646037170,7c6db3,-35.69966125488281,148.4539031982422,228.7026169765499,244.1266147737139,0.0,QFA485  ,False,False,False,4223.0,12184.38,12618.72,1646037169.835,1646037169.945
1646037180,7c6db3,-35.70835876464844,148.4318733215332,228.7026169765499,244.1266147737139,0.32512,QFA485  ,False,False,False,4223.0,12192.0,12626.34,1646037179.373,1646037179.685
1646037190,7c6db3,-35.7176513671875,148.40852737426758,229.1534770904613,243.8951459909007,0.0,QFA485  ,False,False,False,4223.0,12192.0,12626.34,1646037189.575,1646037189.978
1646037200,7c6db3,-35.72657775878906,148.38626861572266,229.1534770904613,243.8951459909007,-0.32512,QFA485  ,False,False,True,345.0,12192.0,12626.34,1646037199.571,1646037199.968
1646037210,7c6db3,-35.73609924316406,148.36240768432617,229.61555439165377,243.9516302232891,0.0,QFA485  ,False,False,True,345.0,12192.0,12626.34,1646037209.823,1646037209.996
1646037220,7c6db3,-35.745025634765625,148.33986282348633,229.39011234269523,244.0670731991242,0.0,QFA485  ,False,False,True,345.0,12192.0,12626.34,1646037219.763,1646037219.993
1646037230,7c6db3,-35.75416694253181,148.31683219747342,229.8367451652906,243.54965493496584,-0.65024,QFA485  ,False,False,True,345.0,12184.38,12618.72,1646037229.866,1646037229.932
1646037240,7c6db3,-35.76416015625,148.2948875427246,230.48009831692173,240.00131846047148,0.32512,QFA485  ,False,False,False,4223.0,12184.38,12618.72,1646037239.841,1646037239.841
1646037250,7c6db3,-35.77455139160156,148.27285766601562,230.73774019579025,239.890686967004,0.0,QFA485  ,False,False,False,4223.0,12192.0,12626.34,1646037249.838,1646037249.9
1646037260,7c6db3,-35.784759521484375,148.25128555297852,230.73774019579025,239.890686967004,0.32512,QFA485  ,False,False,False,4223.0,12192.0,12626.34,1646037259.588,1646037259.996
1646037270,7c6db3,-35.795196533203125,148.22925567626953,230.99624041615985,239.7803026708152,0.0,QFA485  ,False,False,False,4223.0,12192.0,12626.34,1646037269.57,1646037269.977
1646037280,7c6db3,-35.806072687698645,148.20661828873006,231.24186269856,238.92694222792332,-0.32512,QFA485  ,False,False,False,4223.0,12192.0,12626.34,1646037279.959,1646037279.959
1646037290,7c6db3,-35.81781005859375,148.1858253479004,231.9292482140842,233.8418145601917,-0.32512,QFA485  ,False,False,False,4223.0,12192.0,12626.34,1646037289.802,1646037289.931
1646037300,7c6db3,-35.83062744140625,148.16556930541992,232.68399367114932,231.9139217425242,-0.32512,QFA485  ,False,False,False,4223.0,12184.38,12618.72,1646037299.761,1646037299.761
1646037310,7c6db3,-35.84358215332031,148.14537048339844,233.0016775270996,231.81435288940972,0.0,QFA485  ,False,False,False,4223.0,12184.38,12618.72,1646037309.874,1646037309.972
1646037320,7c6db3,-35.85639565677968,148.12538958610372,232.59753590940468,231.73601121411932,0.0,QFA485  ,False,False,False,4223.0,12184.38,12618.72,1646037319.953,1646037319.953
1646037330,7c6db3,-35.86921691894531,148.10537338256836,233.0016775270996,231.81435288940972,0.0,QFA485  ,False,False,False,4223.0,12184.38,12618.72,1646037329.737,1646037329.959
1646037340,7c6db3,-35.88226318359375,148.08460235595703,232.64361279452055,232.5472817100148,0.0,QFA485  ,False,False,False,4223.0,12184.38,12618.72,1646037339.737,1646037339.935
1646037350,7c6db3,-35.894256591796875,148.06514739990234,232.42907850116893,232.8257451664089,0.32512,QFA485  ,False,False,False,4223.0,12184.38,12618.72,1646037349.71,1646037350.0
1646037360,7c6db3,-35.90727725271455,148.0437518180685,232.3237305927063,233.28234941703133,0.32512,QFA485  ,False,False,False,4223.0,12192.0,12626.34,1646037359.829,1646037359.83
1646037370,7c6db3,-35.91957092285156,148.02337646484375,232.1237228800315,233.56184429396643,0.0,QFA485  ,False,False,False,4223.0,12192.0,12626.34,1646037369.802,1646037369.91
1646037380,7c6db3,-35.932159423828125,148.00294876098633,231.8750400051337,231.75709754450588,-0.32512,QFA485  ,False,False,False,4223.0,12192.0,12626.34,1646037379.81,1646037379.941
1646037390,7c6db3,-35.94540353548729,147.9834438892121,231.8567775443496,229.95027223429176,0.0,QFA485  ,False,False,False,4223.0,12192.0,12626.34,1646037389.616,1646037389.849
1646037400,7c6db3,-35.95903015136719,147.96363830566406,232.46095818466844,229.57749621338175,0.0,QFA485  ,False,False,False,4223.0,12192.0,12626.34,1646037399.883,1646037399.883
1646037410,7c6db3,-35.972625732421875,147.9441261291504,232.01367366227015,229.3160275198656,0.32512,QFA485  ,False,False,False,4223.0,12192.0,12626.34,1646037409.947,1646037409.947
1646037420,7c6db3,-35.9857177734375,147.92524337768555,231.0701263157115,229.7861135602157,-0.32512,QFA485  ,False,False,False,4223.0,12192.0,12626.34,1646037419.956,1646037419.956
1646037430,7c6db3,-35.99903869628906,147.9056167602539,230.86673990034944,230.24346950589867,-0.32512,QFA485  ,False,False,False,4223.0,12184.38,12618.72,1646037429.31,1646037429.984
1646037440,7c6db3,-36.01299738479872,147.88480068774933,230.21009748593568,230.4403320310055,0.32512,QFA485  ,False,False,False,4223.0,12192.0,12611.1,1646037439.921,1646037439.921
1646037450,7c6db3,-36.02604675292969,147.8653335571289,230.21009748593568,230.4403320310055,0.0,QFA485  ,False,False,False,4223.0,12192.0,12618.72,1646037449.815,1646037449.977
1646037460,7c6db3,-36.038909912109375,147.84605026245117,229.88279978829564,230.53918445177288,-0.65024,QFA485  ,False,False,False,4223.0,12184.38,12611.1,1646037459.877,1646037459.949
1646037470,7c6db3,-36.05204772949219,147.82642364501953,229.48585136567988,230.4575534851046,0.32512,QFA485  ,False,False,False,4223.0,12184.38,12611.1,1646037469.62,1646037469.967
1646037480,7c6db3,-36.06477355957031,147.8073692321777,229.48585136567988,230.4575534851046,0.0,QFA485  ,False,False,False,4223.0,12192.0,12618.72,1646037479.312,1646037479.884
1646037490,7c6db3,-36.07855224609375,147.78682708740234,229.48585136567988,230.4575534851046,0.32512,QFA485  ,False,False,False,4223.0,12192.0,12626.34,1646037489.869,1646037489.979
1646037500,7c6db3,-36.09173583984375,147.7672576904297,229.4178000216916,230.2766794678195,-0.65024,QFA485  ,False,False,False,4223.0,12184.38,12618.72,1646037499.85,1646037499.997
1646037510,7c6db3,-36.10433287539723,147.7485234686669,229.08937037936636,230.37563979709668,0.65024,QFA485  ,False,False,False,4223.0,12192.0,12626.34,1646037509.369,1646037509.845
1646037520,7c6db3,-36.11820544226697,147.72801176030586,229.4178000216916,230.2766794678195,0.32512,QFA485  ,False,False,False,4223.0,12192.0,12618.72,1646037519.99,1646037519.99
1646037530,7c6db3,-36.13114696438032,147.7087856860871,230.1422602962045,230.26002221567097,0.32512,QFA485  ,False,False,False,4223.0,12192.0,12618.72,1646037529.707,1646037529.971
1646037540,7c6db3,-36.14436779992059,147.68915054645944,230.5380784940324,230.34176058746647,-0.65024,QFA485  ,False,False,False,4223.0,12184.38,12611.1,1646037539.723,1646037539.874
1646037550,7c6db3,-36.15786794888771,147.66904790350733,231.2624624943455,230.3249801589048,1.30048,QFA485  ,False,False,False,4223.0,12192.0,12611.1,1646037549.987,1646037549.987
1646037560,7c6db3,-36.1710205078125,147.64944076538086,231.65865153483867,230.40621217229463,0.32512,QFA485  ,False,False,False,4223.0,12199.62,12626.34,1646037559.731,1646037559.973
1646037570,7c6db3,-36.184402724443885,147.62942699675864,232.05530463273044,230.4871666475078,-1.30048,QFA485  ,False,False,False,4223.0,12184.38,12618.72,1646037569.97,1646037569.97
1646037580,7c6db3,-36.19743347167969,147.60984420776367,229.55618832387316,230.6383184618475,-0.32512,QFA485  ,False,False,False,4223.0,12184.38,12611.1,1646037579.77,1646037579.999
1646037590,7c6db3,-36.209959903005824,147.59109172415228,228.03742191507595,230.49232455712743,0.0,QFA485  ,False,False,False,4223.0,12184.38,12611.1,1646037589.514,1646037589.944
1646037600,7c6db3,-36.22315979003906,147.5712776184082,225.8649377338449,230.545317308862,0.32512,QFA485  ,False,False,False,4223.0,12192.0,12618.72,1646037599.667,1646037599.882
1646037610,7c6db3,-36.236114501953125,147.55193710327148,225.7957951053907,230.36156898063172,-0.65024,QFA485  ,False,False,False,4223.0,12184.38,12603.48,1646037609.744,1646037609.967
1646037620,7c6db3,-36.24920343948622,147.53247849484708,225.72897618062703,230.1777099763409,-0.32512,QFA485  ,False,False,False,4223.0,12184.38,12603.48,1646037619.783,1646037619.839
1646037630,7c6db3,-36.26219151383742,147.51325242062833,225.33410631359283,230.09393948224889,0.32512,QFA485  ,False,False,False,4223.0,12184.38,12603.48,1646037629.956,1646037629.956
1646037640,7c6db3,-36.27507019042969,147.49420166015625,225.33410631359283,230.09393948224889,0.32512,QFA485  ,False,False,False,4223.0,12192.0,12611.1,1646037639.603,1646037639.947
1646037650,7c6db3,-36.28775024414063,147.4753761291504,225.39986815126755,230.27814565048655,-0.32512,QFA485  ,False,False,False,4223.0,12192.0,12611.1,1646037649.47,1646037649.934
1646037660,7c6db3,-36.30093383789063,147.45569229125977,225.4679584055982,230.46224246187364,0.0,QFA485  ,False,False,False,4223.0,12184.38,12603.48,1646037659.693,1646037659.949
1646037670,7c6db3,-36.31395760229077,147.43623124792222,225.07145474920128,230.37887473667885,-0.32512,QFA485  ,False,False,False,4223.0,12184.38,12603.48,1646037669.784,1646037669.957
1646037680,7c6db3,-36.32720947265625,147.41632461547852,225.07145474920128,230.37887473667885,0.0,QFA485  ,False,False,False,4223.0,12184.38,12603.48,1646037679.965,1646037679.965
1646037690,7c6db3,-36.33956909179688,147.39784240722656,224.743739019562,230.4798978971645,0.0,QFA485  ,False,False,False,4223.0,12192.0,12611.1,1646037689.997,1646037689.997
1646037700,7c6db3,-36.35243225097656,147.37855911254883,224.81438242245383,230.66446870734669,-0.32512,QFA485  ,False,False,False,4223.0,12184.38,12603.48,1646037699.679,1646037699.915
1646037710,7c6db3,-36.36524963378906,147.3592185974121,225.14081982874583,230.563208820744,-0.32512,QFA485  ,False,False,False,4223.0,12184.38,12603.48,1646037709.719,1646037709.981
1646037720,7c6db3,-36.37759451138771,147.34068525598406,225.14081982874583,230.563208820744,0.32512,QFA485  ,False,False,False,4223.0,12184.38,12603.48,1646037719.303,1646037719.882
1646037730,7c6db3,-36.39028930664063,147.3215103149414,225.14081982874583,230.563208820744,0.0,QFA485  ,False,False,False,4223.0,12192.0,12611.1,1646037729.107,1646037729.938
1646037740,7c6db3,-36.40394307799261,147.30094747340425,225.53837496773116,230.6462262159997,0.32512,QFA485  ,False,False,False,4223.0,12192.0,12611.1,1646037739.942,1646037739.99
1646037750,7c6db3,-36.41683804786811,147.28148764752328,226.26239023023024,230.62810047083724,-0.32512,QFA485  ,False,False,False,4223.0,12192.0,12611.1,1646037749.739,1646037749.739
1646037760,7c6db3,-36.42950025655455,147.2624368870512,226.6603134056304,230.7105931374996,0.0,QFA485  ,False,False,False,4223.0,12192.0,12611.1,1646037759.76,1646037759.76
1646037770,7c6db3,-36.44295385328394,147.24210049243683,226.9864279925688,230.61009035831955,0.0,QFA485  ,False,False,False,4223.0,12192.0,12611.1,1646037769.917,1646037769.98
1646037780,7c6db3,-36.455474853515625,147.22320556640625,226.6603134056304,230.7105931374996,0.0,QFA485  ,False,False,False,4223.0,12192.0,12603.48,1646037779.683,1646037779.913
1646037790,7c6db3,-36.4683837890625,147.2036361694336,226.6603134056304,230.7105931374996,0.32512,QFA485  ,False,False,False,4223.0,12192.0,12603.48,1646037789.628,1646037789.868
1646037800,7c6db3,-36.4815673828125,147.18372344970703,226.6603134056304,230.7105931374996,-0.65024,QFA485  ,False,False,False,4223.0,12192.0,12603.48,1646037799.951,1646037799.951
1646037810,7c6db3,-36.49369579250532,147.16531307139297,227.05870478543315,230.79279649503212,0.32512,QFA485  ,False,False,False,4223.0,12192.0,12603.48,1646037809.441,1646037809.962
1646037820,7c6db3,-36.50724249371029,147.14474292511636,226.6603134056304,230.7105931374996,0.0,QFA485  ,False,False,False,4223.0,12192.0,12603.48,1646037819.887,1646037819.977
1646037830,7c6db3,-36.51985815015894,147.12563372672872,226.6603134056304,230.7105931374996,0.0,QFA485  ,False,False,False,4223.0,12184.38,12595.86,1646037829.784,1646037829.965
1646037840,7c6db3,-36.53251647949219,147.10641860961914,227.05870478543315,230.79279649503212,0.32512,QFA485  ,False,False,False,4223.0,12192.0,12603.48,1646037839.333,1646037839.861
1646037850,7c6db3,-36.546253269001625,147.08566219248672,227.71048804012256,230.5921947789776,0.32512,QFA485  ,False,False,False,4223.0,12192.0,12603.48,1646037849.999,1646037849.999
1646037860,7c6db3,-36.558775820974574,147.06672830784575,228.83218567511207,230.656215634516,-0.32512,QFA485  ,False,False,False,4223.0,12192.0,12603.48,1646037859.566,1646037859.98
1646037870,7c6db3,-36.572021484375,147.0468521118164,229.1586741459088,230.55674289097917,-0.32512,QFA485  ,False,False,False,4223.0,12184.38,12595.86,1646037869.685,1646037869.921
1646037880,7c6db3,-36.58498473086598,147.02728271484375,229.1586741459088,230.55674289097917,0.0,QFA485  ,False,False,False,4223.0,12184.38,12595.86,1646037879.511,1646037879.972
1646037890,7c6db3,-36.59787970074154,147.00776445104722,228.83218567511207,230.656215634516,0.32512,QFA485  ,False,False,False,4223.0,12192.0,12603.48,1646037889.567,1646037889.883
1646037900,7c6db3,-36.61116027832031,146.9875717163086,229.23026602594092,230.7377346700564,-0.32512,QFA485  ,False,False,False,4223.0,12192.0,12603.48,1646037899.672,1646037899.899
1646037910,7c6db3,-36.62379455566406,146.96834564208984,229.3041438763222,230.91861162821348,0.0,QFA485  ,False,False,False,4223.0,12192.0,12595.86,1646037909.494,1646037909.861
1646037920,7c6db3,-36.637481689453125,146.94746017456055,229.62880879597108,230.81897090139455,0.0,QFA485  ,False,False,False,4223.0,12192.0,12595.86,1646037919.878,1646037919.977
1646037930,7c6db3,-36.65066993842692,146.9273538792387,230.02781158166047,230.8999254727108,-0.32512,QFA485  ,False,False,False,4223.0,12192.0,12595.86,1646037929.937,1646037929.999
1646037940,7c6db3,-36.66357421875,146.90763473510742,230.02781158166047,230.8999254727108,0.0,QFA485  ,False,False,False,4223.0,12184.38,12588.240000000002,1646037939.789,1646037939.997
1646037950,7c6db3,-36.67650643041577,146.88790828623672,230.35260544762616,230.800624143717,0.0,QFA485  ,False,False,False,4223.0,12184.38,12588.240000000002,1646037949.814,1646037949.97
1646037960,7c6db3,-36.68930829581569,146.86839002244017,230.02781158166047,230.8999254727108,0.65024,QFA485  ,False,False,False,4223.0,12192.0,12595.86,1646037959.523,1646037959.969
1646037970,7c6db3,-36.7026222358316,146.84799518991025,230.42727199335025,230.98059952476345,0.0,QFA485  ,False,False,False,4223.0,12192.0,12595.86,1646037969.777,1646037969.816
1646037980,7c6db3,-36.715576171875,146.8282127380371,230.75150360021328,230.88135652376752,-0.65024,QFA485  ,False,False,False,4223.0,12184.38,12588.240000000002,1646037979.581,1646037979.877
1646037990,7c6db3,-36.72855183229609,146.80843272107714,230.75150360021328,230.88135652376752,0.32512,QFA485  ,False,False,False,4223.0,12184.38,12588.240000000002,1646037989.601,1646037989.946
1646038000,7c6db3,-36.74158645888508,146.7884469539561,230.42727199335025,230.98059952476345,0.32512,QFA485  ,False,False,False,4223.0,12192.0,12595.86,1646037999.579,1646037999.952
1646038010,7c6db3,-36.754900398900986,146.76799368351064,230.42727199335025,230.98059952476345,0.0,QFA485  ,False,False,False,4223.0,12192.0,12595.86,1646038009.753,1646038009.998
1646038020,7c6db3,-36.76780700683594,146.74821853637695,230.75150360021328,230.88135652376752,-0.32512,QFA485  ,False,False,False,4223.0,12192.0,12595.86,1646038019.724,1646038019.897
1646038030,7c6db3,-36.78089904785156,146.72819137573242,230.75150360021328,230.88135652376752,-1.6256000000000002,QFA485  ,False,False,False,4223.0,12184.38,12588.240000000002,1646038029.77,1646038029.952
1646038040,7c6db3,-36.79381806971662,146.70838700964097,230.827187655192,231.060994194868,-5.20192,QFA485  ,False,False,False,4223.0,12131.04,12534.9,1646038039.647,1646038039.97
1646038050,7c6db3,-36.80736477092165,146.68752467378658,230.10373366830413,231.08012190713023,-7.152640000000001,QFA485  ,False,False,False,4223.0,12070.08,12481.56,1646038049.954,1646038049.954
1646038060,7c6db3,-36.81990051269531,146.66810989379883,229.3803054882852,231.09937027293665,-10.72896,QFA485  ,False,False,False,4223.0,11971.02,12382.5,1646038059.672,1646038059.969
1646038070,7c6db3,-36.83268918829452,146.6483128324468,229.45874858776145,231.28000712569977,-13.0048,QFA485  ,False,False,False,4223.0,11849.1,12260.58,1646038069.615,1646038069.907
1646038080,7c6db3,-36.84599304199219,146.62771224975586,229.45874858776145,231.28000712569977,-14.630400000000002,QFA485  ,False,False,False,4223.0,11704.32,12115.8,1646038079.765,1646038079.939
1646038090,7c6db3,-36.858673095703125,146.608049108627,229.3803054882852,231.09937027293665,-13.0048,QFA485  ,False,False,False,4223.0,11574.78,11986.26,1646038089.723,1646038089.986
1646038100,7c6db3,-36.87162780761719,146.58812177942156,228.98017441234467,231.0185346085813,-11.3792,QFA485  ,False,False,False,4223.0,11452.86,11856.72,1646038099.656,1646038099.988
1646038110,7c6db3,-36.88464148569915,146.56800643257472,228.58050071511963,230.9374160994815,-13.98016,QFA485  ,False,False,False,4223.0,11323.32,11727.18,1646038109.849,1646038109.938
1646038120,7c6db3,-36.897491455078125,146.54826712101064,228.98017441234467,231.0185346085813,-15.280640000000002,QFA485  ,False,False,False,4223.0,11178.54,11582.4,1646038119.679,1646038119.999
1646038130,7c6db3,-36.910675048828125,146.52793072639628,228.98017441234467,231.0185346085813,-15.60576,QFA485  ,False,False,False,4223.0,11026.14,11445.24,1646038129.949,1646038129.949
1646038140,7c6db3,-36.92379191770391,146.5077607528023,229.7037106161856,230.9995073203944,-13.98016,QFA485  ,False,False,False,4223.0,10881.36,11285.22,1646038139.957,1646038139.979
1646038150,7c6db3,-36.93672180175781,146.4880760679854,229.55618832387316,230.6383184618475,-15.93088,QFA485  ,False,False,False,4223.0,10736.58,11132.82,1646038149.794,1646038149.9
1646038160,7c6db3,-36.94981384277344,146.46814873877992,230.02781158166047,230.8999254727108,-15.60576,QFA485  ,False,False,False,4223.0,10576.56,10980.42,1646038159.859,1646038159.859
1646038170,7c6db3,-36.96235656738281,146.44892266456117,230.10373366830413,231.08012190713023,-16.256,QFA485  ,False,False,False,4223.0,10424.16,10812.78,1646038169.499,1646038169.994
1646038180,7c6db3,-36.9755859375,146.42835251828458,230.1819302327104,231.26019769036375,-16.256,QFA485  ,False,False,False,4223.0,10271.76,10652.76,1646038179.572,1646038179.811
1646038190,7c6db3,-36.98863918498415,146.4079881751019,230.5834191641333,231.3401917459099,-17.231360000000002,QFA485  ,False,False,False,4223.0,10096.5,10477.5,1646038189.789,1646038189.954
1646038200,7c6db3,-37.00139449814623,146.38816501783288,230.9051392203467,231.2405123414077,-17.881600000000002,QFA485  ,False,False,False,4223.0,9936.48,10309.86,1646038199.496,1646038199.747
1646038210,7c6db3,-37.01431274414063,146.3681614652593,231.95092795041248,231.1218853639325,-19.832320000000003,QFA485  ,False,False,False,4223.0,9745.98,10111.740000000002,1646038209.45,1646038209.869
1646038220,7c6db3,-37.02804565429688,146.34700693982714,233.7212568783937,230.98566755572497,-20.482560000000003,QFA485  ,False,False,False,4223.0,9540.24,9921.24,1646038219.855,1646038219.93
1646038230,7c6db3,-37.0411966614804,146.3267251719599,235.244953220007,231.12494222077908,-20.482560000000003,QFA485  ,False,False,False,4223.0,9342.12,9715.5,1646038229.694,1646038229.99
1646038240,7c6db3,-37.05441284179688,146.3062172747673,236.77002168081412,231.2624235147218,-22.43328,QFA485  ,False,False,False,4223.0,9128.76,9486.9,1646038239.699,1646038239.903
1646038250,7c6db3,-37.06782531738281,146.28541337682847,238.93971712623167,231.20533306536413,-23.40864,QFA485  ,False,False,False,4223.0,8907.78,9258.3,1646038249.592,1646038249.964
1646038260,7c6db3,-37.08146434719282,146.26421057659647,240.06406753334693,231.26349061433456,-24.05888,QFA485  ,False,False,False,4223.0,8679.18,9022.08,1646038259.712,1646038259.953
1646038270,7c6db3,-37.0953369140625,146.24259617017665,241.59048309980088,231.3973541275228,-16.256,QFA485  ,False,False,False,4223.0,8473.44,8816.34,1646038269.893,1646038269.992
1646038280,7c6db3,-37.108428955078125,146.22218355219417,239.3408898965808,231.2824920881614,-16.581120000000002,QFA485  ,False,False,False,4223.0,8343.9,8671.56,1646038279.561,1646038279.906
1646038290,7c6db3,-37.1220113463321,146.20109889818275,238.2164591122332,231.2242476623254,-14.955520000000002,QFA485  ,False,False,False,4223.0,8183.88,8511.54,1646038289.725,1646038289.959
1646038300,7c6db3,-37.13575744628906,146.17964074966756,236.77002168081412,231.2624235147218,-11.05408,QFA485  ,False,False,False,4223.0,8069.580000000001,8397.240000000002,1646038299.977,1646038299.977
1646038310,7c6db3,-37.1488037109375,146.15936279296875,235.64567753314984,231.20344790169185,-10.40384,QFA485  ,False,False,False,4223.0,7970.52,8282.94,1646038309.762,1646038309.975
1646038320,7c6db3,-37.16207885742188,146.1387342087766,235.64567753314984,231.20344790169185,-10.40384,QFA485  ,False,False,False,4223.0,7871.46,8183.88,1646038319.774,1646038319.876
1646038330,7c6db3,-37.1748046875,146.11898219331783,234.92241710613388,231.22262191192348,-10.72896,QFA485  ,False,False,False,4223.0,7772.400000000001,8069.580000000001,1646038329.571,1646038329.903
1646038340,7c6db3,-37.18839483746029,146.09780353048575,234.6005656594879,231.320569904378,-10.72896,QFA485  ,False,False,False,4223.0,7665.72,7970.52,1646038339.808,1646038339.992
1646038350,7c6db3,-37.20176696777344,146.07696533203125,234.92241710613388,231.22262191192348,-10.72896,QFA485  ,False,False,False,4223.0,7559.04,7856.22,1646038349.808,1646038349.949
1646038360,7c6db3,-37.21488306077862,146.05654509171197,235.64567753314984,231.20344790169185,-10.07872,QFA485  ,False,False,False,4223.0,7467.6,7757.160000000001,1646038359.773,1646038359.989
1646038370,7c6db3,-37.22831726074219,146.0356497257314,235.64567753314984,231.20344790169185,-10.40384,QFA485  ,False,False,False,4223.0,7360.92,7642.86,1646038369.781,1646038369.991
1646038380,7c6db3,-37.24099886619439,146.0157643193784,234.68177472131765,231.49711235188303,-10.40384,QFA485  ,False,False,False,4223.0,7269.48,7543.8,1646038379.52,1646038379.983
1646038390,7c6db3,-37.25459289550781,145.99433411943153,232.5133224613477,231.5579700940456,-10.72896,QFA485  ,False,False,False,4223.0,7155.18,7437.12,1646038389.99,1646038389.999
1646038400,7c6db3,-37.26767329846399,145.97378938094428,230.6648951764436,231.51980175165696,-10.72896,QFA485  ,False,False,False,4223.0,7048.5,7322.82,1646038399.921,1646038399.964
1646038410,7c6db3,-37.28013610839844,145.95418727144283,228.735594544844,231.29994181961,-10.72896,QFA485  ,False,False,False,4223.0,6949.4400000000005,7216.14,1646038409.641,1646038409.992
1646038420,7c6db3,-37.292718402409946,145.93456102454144,227.61109543229333,231.23906975504755,-10.72896,QFA485  ,False,False,False,4223.0,6858.0,7117.08,1646038419.417,1646038419.941
1646038430,7c6db3,-37.30581665039063,145.9135144822141,227.2852949303416,233.46728503184093,-10.07872,QFA485  ,False,False,False,4223.0,6751.320000000001,7010.400000000001,1646038429.809,1646038429.992
1646038440,7c6db3,-37.3172607421875,145.89235995678192,227.01207723050243,236.7420734650879,-6.827520000000001,QFA485  ,False,False,False,4223.0,6682.740000000001,6934.200000000001,1646038439.922,1646038439.923
1646038450,7c6db3,-37.32833086434061,145.87132992951766,225.0103016963704,236.5642557603383,-13.65504,QFA485  ,False,False,False,4223.0,6568.4400000000005,6819.900000000001,1646038449.86,1646038449.898
1646038460,7c6db3,-37.33945684917904,145.85025289784306,223.8682731582463,236.52903572535428,-14.955520000000002,QFA485  ,False,False,False,4223.0,6423.660000000001,6667.500000000001,1646038459.716,1646038459.985
1646038470,7c6db3,-37.35053628177968,145.82929528277853,222.44275399844392,236.60394287357047,-14.630400000000002,QFA485  ,False,False,False,4223.0,6286.5,6530.34,1646038469.796,1646038469.827
1646038480,7c6db3,-37.36148071289063,145.80820935837767,220.45411054604455,236.9032656146101,-14.630400000000002,QFA485  ,False,False,False,4223.0,6149.34,6393.18,1646038479.801,1646038479.928
1646038490,7c6db3,-37.37204341565149,145.7881562606148,219.01664099081603,236.4965630175858,-15.280640000000002,QFA485  ,False,False,False,4223.0,6004.56,6240.780000000001,1646038489.565,1646038489.98
1646038500,7c6db3,-37.3828125,145.76782875872672,218.15943919079783,236.3474051825511,-15.280640000000002,QFA485  ,False,False,False,4223.0,5859.780000000001,6080.76,1646038499.519,1646038499.866
1646038510,7c6db3,-37.394073486328125,145.74655735746344,217.1617966946103,236.4981570909658,-14.955520000000002,QFA485  ,False,False,False,4223.0,5707.38,5920.74,1646038509.8,1646038509.963
1646038520,7c6db3,-37.40449032541051,145.72677612304688,216.1656714316832,236.65029943753763,-14.305280000000002,QFA485  ,False,False,False,4223.0,5570.22,5775.96,1646038519.467,1646038519.959
1646038530,7c6db3,-37.41545104980469,145.70588456823472,215.0234381705593,236.6140877032617,-15.280640000000002,QFA485  ,False,False,False,4223.0,5425.4400000000005,5638.8,1646038529.793,1646038529.981
1646038540,7c6db3,-37.42584228515625,145.68613255277594,213.59836304298412,236.6926641193376,-14.955520000000002,QFA485  ,False,False,False,4223.0,5280.66,5486.4,1646038539.673,1646038539.973
1646038550,7c6db3,-37.43609619140625,145.66527021692156,212.55503823173416,239.77350836310632,-14.630400000000002,QFA485  ,False,False,False,4223.0,5135.88,5334.0,1646038549.776,1646038549.807
1646038560,7c6db3,-37.44350110070184,145.64366216244906,210.9258041908017,249.8855635195922,-14.630400000000002,QFA485  ,False,False,False,4223.0,4991.1,5181.6,1646038559.798,1646038559.964
1646038570,7c6db3,-37.44813537597656,145.62155865608378,208.54534399934772,258.32972146259254,-14.630400000000002,QFA485  ,False,False,False,4223.0,4861.56,5036.820000000001,1646038569.42,1646038569.982
1646038580,7c6db3,-37.45014953613281,145.59853411735372,207.75195311391076,266.3086140135487,-13.98016,QFA485  ,False,False,False,4223.0,4716.780000000001,4899.660000000001,1646038579.326,1646038579.82
1646038590,7c6db3,-37.450018413996304,145.57493790336278,204.78037758654176,271.0076108269823,-14.305280000000002,QFA485  ,False,False,False,4223.0,4572.0,4739.64,1646038589.522,1646038589.936
1646038600,7c6db3,-37.44978332519531,145.5512578436669,203.21579885188697,270.58019059359367,-14.955520000000002,QFA485  ,False,False,False,4223.0,4427.22,4594.860000000001,1646038599.789,1646038599.988
1646038610,7c6db3,-37.44964599609375,145.52881768409242,202.18696387129472,270.5831430140979,-14.305280000000002,QFA485  ,False,False,False,4223.0,4297.68,4450.08,1646038609.525,1646038609.805
1646038620,7c6db3,-37.44945978714247,145.50633306088656,200.6437124199305,270.58762841624,-13.98016,QFA485  ,False,False,False,4223.0,4152.900000000001,4305.3,1646038619.521,1646038619.882
1646038630,7c6db3,-37.4492735781912,145.48286769701087,199.10046221728308,270.59218335212904,-14.305280000000002,QFA485  ,False,False,False,4223.0,4015.74,4168.14,1646038629.919,1646038629.987
1646038640,7c6db3,-37.449087369239976,145.46143241550612,197.563241514221,270.7459966383701,-14.305280000000002,QFA485  ,False,False,False,4223.0,3878.58,4015.74,1646038639.598,1646038639.894
1646038650,7c6db3,-37.448822021484375,145.4381220391456,196.0139656761147,270.601508394317,-13.98016,QFA485  ,False,False,False,4223.0,3726.18,3878.58,1646038649.972,1646038649.993
1646038660,7c6db3,-37.44862184686178,145.41677060334578,194.48432779048576,270.90938044919915,-13.65504,QFA485  ,False,False,False,4223.0,3596.6400000000003,3733.8,1646038659.76,1646038660.0
1646038670,7c6db3,-37.44829598119702,145.39449940557066,192.95010741400915,271.0693970206331,-14.305280000000002,QFA485  ,False,False,False,4223.0,3459.48,3589.02,1646038669.86,1646038669.931
1646038680,7c6db3,-37.44795227050781,145.3729637632979,192.44606756515407,271.22539130237413,-13.65504,QFA485  ,False,False,False,4223.0,3329.94,3444.24,1646038679.771,1646038679.966
1646038690,7c6db3,-37.44759769762976,145.3519870923913,191.4174161319208,271.2319774026397,-13.98016,QFA485  ,False,False,False,4223.0,3192.78,3307.0800000000004,1646038689.552,1646038689.946
1646038700,7c6db3,-37.44722527972726,145.3304323942765,190.38876725527456,271.2386346708969,-13.65504,QFA485  ,False,False,False,4223.0,3063.24,3169.92,1646038699.644,1646038699.987
1646038710,7c6db3,-37.44685286182471,145.30905682107678,188.845798825294,271.24875655684804,-13.32992,QFA485  ,False,False,False,4223.0,2933.7000000000003,3040.38,1646038709.499,1646038709.958
1646038720,7c6db3,-37.446533203125,145.28717690325797,187.8065879980552,271.09868848317075,-13.65504,QFA485  ,False,False,False,4223.0,2796.54,2903.22,1646038719.831,1646038719.979
1646038730,7c6db3,-37.44621276855469,145.26608081574136,186.7778901996948,271.10474036715044,-13.65504,QFA485  ,False,False,False,4223.0,2667.0,2766.06,1646038729.771,1646038729.976
1646038740,7c6db3,-37.44593811035156,145.2446341007314,185.2348474635733,271.1139442267334,-13.65504,QFA485  ,False,False,False,4223.0,2529.84,2628.9,1646038739.998,1646038739.998
1646038750,7c6db3,-37.44564250364141,145.22403219471806,184.1968160833276,270.96017456666635,-13.65504,QFA485  ,False,False,False,4223.0,2400.3,2499.36,1646038749.978,1646038749.978
1646038760,7c6db3,-37.44538879394531,145.2034938081782,183.16807336659136,270.9655677874009,-13.98016,QFA485  ,False,False,False,4223.0,2263.1400000000003,2354.5800000000004,1646038759.971,1646038760.0
1646038770,7c6db3,-37.44513042902543,145.18354996390966,181.11059288488852,270.9765380357616,-5.8521600000000005,QFA485  ,False,False,False,4223.0,2179.32,2255.52,1646038769.483,1646038769.961
1646038780,7c6db3,-37.44485111559851,145.1636670983356,175.45255730029163,271.0080328642504,-2.27584,QFA485  ,False,False,False,4223.0,2148.84,2225.04,1646038779.454,1646038779.992
1646038790,7c6db3,-37.44461835440944,145.14414248259172,169.7860053969078,270.8680514497455,-3.2512000000000003,QFA485  ,False,False,False,4223.0,2118.36,2194.56,1646038789.607,1646038789.928
1646038810,7c6db3,-37.4441993842691,145.1072427500849,159.49838236075624,270.92404535277274,-2.60096,QFA485  ,False,False,False,4223.0,2065.02,2133.6,1646038809.408,1646038809.862
1646038820,7c6db3,-37.44401317531782,145.08903171705165,155.38337975294573,270.94851896098606,-2.60096,QFA485  ,False,False,False,4223.0,2034.54,2103.1200000000003,1646038819.773,1646038819.908
1646038830,7c6db3,-37.443780414128696,145.0718357252038,150.75403767204665,270.9776487850298,-2.60096,QFA485  ,False,False,False,4223.0,2011.68,2080.26,1646038829.654,1646038829.959
1646038840,7c6db3,-37.44355773925781,145.05523681640625,147.15346672279472,271.00157243565576,-2.27584,QFA485  ,False,False,False,4223.0,1988.82,2057.4,1646038839.581,1646038839.904
1646038850,7c6db3,-37.44331489175056,145.03923499065897,143.03856160446745,271.0303885369884,-2.27584,QFA485  ,False,False,False,4223.0,1958.34,2026.92,1646038849.461,1646038849.953
1646038860,7c6db3,-37.44308213056144,145.02287491508153,139.43805094774302,271.0569977767849,-2.27584,QFA485  ,False,False,False,4223.0,1935.48,2004.06,1646038859.778,1646038859.926
1646038870,7c6db3,-37.44282531738281,145.0075514773105,135.8375719600106,271.0850176194974,-3.2512000000000003,QFA485  ,False,False,False,4223.0,1912.62,1981.2,1646038869.72,1646038869.932
1646038880,7c6db3,-37.44259643554688,144.9923576192653,134.2945198625091,271.0974860533805,-6.502400000000001,QFA485  ,False,False,False,4223.0,1866.9,1927.86,1646038879.684,1646038879.989
1646038890,7c6db3,-37.44233729475639,144.97678010360053,134.2945198625091,271.0974860533805,-6.827520000000001,QFA485  ,False,False,False,4223.0,1790.7,1859.28,1646038889.957,1646038889.957
1646038900,7c6db3,-37.44205798132947,144.96161419412363,133.7910506134192,271.321975659537,-6.1772800000000005,QFA485  ,False,False,False,4223.0,1729.74,1790.7,1646038899.98,1646038899.98
1646038910,7c6db3,-37.44204711914063,144.9467176072141,133.28965073815627,268.451842301022,-5.8521600000000005,QFA485  ,False,False,False,4223.0,1668.78,1729.74,1646038909.953,1646038909.953
1646038920,7c6db3,-37.44331489175056,144.93223770805028,131.61424138306086,261.45816060211223,-2.92608,QFA485  ,False,False,False,4223.0,1630.68,1684.02,1646038919.621,1646038919.894
1646038930,7c6db3,-37.44545629469019,144.91772858992866,129.75823775634564,259.4919778597676,-3.5763200000000004,QFA485  ,False,False,False,4223.0,1600.2,1653.54,1646038929.645,1646038929.78
1646038940,7c6db3,-37.447540283203125,144.90283073262967,126.26954360532994,260.3841730567434,-1.30048,QFA485  ,False,False,False,4223.0,1577.34,1630.68,1646038939.998,1646038939.998
1646038950,7c6db3,-37.4492735781912,144.88984481148097,120.6050295383393,260.17606827658415,-1.6256000000000002,QFA485  ,False,False,False,4223.0,1554.48,1607.82,1646038949.612,1646038949.944
1646038960,7c6db3,-37.45115661621094,144.876708984375,115.5393580830748,259.7407893475596,-3.2512000000000003,QFA485  ,False,False,False,4223.0,1531.62,1584.96,1646038959.624,1646038959.99
1646038970,7c6db3,-37.45294189453125,144.86414483252992,111.90428254909688,259.6715944126961,-3.2512000000000003,QFA485  ,False,False,False,4223.0,1493.52,1546.86,1646038969.74,1646038969.931
1646038980,7c6db3,-37.454673637778114,144.8521091627038,108.17767771188124,259.8657487126044,-2.92608,QFA485  ,False,False,False,4223.0,1470.66,1516.38,1646038979.628,1646038979.983
1646038990,7c6db3,-37.45634951833955,144.8402272100034,105.9729666696041,260.2175929681927,-6.1772800000000005,QFA485  ,False,False,False,4223.0,1417.3200000000002,1463.0400000000002,1646038989.573,1646038989.87
1646039000,7c6db3,-37.45807195113878,144.82822584069294,105.55508366073896,259.89496363496204,-5.8521600000000005,QFA485  ,False,False,False,4223.0,1356.36,1402.0800000000002,1646038999.827,1646038999.976
1646039010,7c6db3,-37.46077198093224,144.8171798042629,102.48287460479511,246.00830828609884,-3.2512000000000003,QFA485  ,False,False,False,4223.0,1303.02,1341.12,1646039009.659,1646039009.676
1646039020,7c6db3,-37.46691687632415,144.80822355850884,99.1609993037532,221.2138879646184,-3.2512000000000003,QFA485  ,False,False,False,4223.0,1249.68,1287.78,1646039019.94,1646039019.969
1646039030,7c6db3,-37.47454833984375,144.8034862761802,96.14599150818168,198.72578784527252,-3.5763200000000004,QFA485  ,False,False,False,4223.0,1196.34,1234.44,1646039029.762,1646039029.999
1646039040,7c6db3,-37.483154296875,144.80307721077128,93.28616055583996,176.52221348020183,-4.55168,QFA485  ,False,False,False,4223.0,1143.0,1188.72,1646039039.857,1646039039.878
1646039050,7c6db3,-37.49131024894069,144.80470076851222,92.35523582571884,170.38027220030116,-5.8521600000000005,QFA485  ,False,False,False,4223.0,1089.66,1127.76,1646039049.721,1646039049.965
1646039060,7c6db3,-37.49945068359375,144.80634973404256,92.61849528137006,171.37481682182957,-5.20192,QFA485  ,False,False,False,4223.0,1036.3200000000002,1074.42,1646039059.603,1646039059.873
1646039070,7c6db3,-37.50778198242188,144.80792755776264,91.52477816095856,171.59662890943915,-4.55168,QFA485  ,False,False,False,4223.0,990.6,1028.7,1646039069.865,1646039069.865
1646039080,7c6db3,-37.5156105170816,144.8092983079993,90.43246592309389,171.82380290155447,-4.8768,QFA485  ,False,False,False,4223.0,952.5,982.98,1646039079.536,1646039079.821
1646039090,7c6db3,-37.52375715869971,144.81085072393003,89.48960027654252,171.40408856307906,-4.8768,QFA485  ,False,False,False,4223.0,899.1600000000001,937.26,1646039089.961,1646039089.961
1646039100,7c6db3,-37.531768798828125,144.81231040142953,88.47240337713414,171.30449712257524,-4.55168,QFA485  ,False,False,False,4223.0,853.44,891.5400000000001,1646039099.862,1646039099.862
1646039110,7c6db3,-37.53911939717955,144.81371672257134,83.74067538667569,171.52144802643005,-5.20192,QFA485  ,False,False,False,4223.0,815.34,838.2,1646039109.676,1646039109.861
1646039120,7c6db3,-37.54633499404133,144.81503030528194,80.0287050069611,171.86989764584402,-4.8768,QFA485  ,False,False,False,4223.0,769.62,792.48,1646039119.569,1646039119.807
1646039130,7c6db3,-37.55331782971399,144.81634388799253,77.99215363138669,171.65610841596688,-4.22656,QFA485  ,False,False,False,4223.0,723.9000000000001,746.7600000000001,1646039129.627,1646039129.992
1646039140,7c6db3,-37.56011445643537,144.81753805409306,76.39103659755378,171.86989764584402,-3.90144,QFA485  ,False,False,False,4223.0,685.8000000000001,701.0400000000001,1646039139.431,1646039139.848
1646039150,7c6db3,-37.566925048828125,144.81891388588764,74.5109579458955,170.86284898586132,-3.2512000000000003,QFA485  ,False,False,False,4223.0,655.32,678.1800000000001,1646039149.746,1646039149.777
1646039160,7c6db3,-37.5732421875,144.82010551120925,70.64385767791529,172.04691802856158,-4.22656,QFA485  ,False,False,False,4223.0,617.22,632.46,1646039159.545,1646039159.783
1646039170,7c6db3,-37.57943363512976,144.82118026069972,69.62501136720994,171.9297678220819,-3.90144,QFA485  ,False,False,False,4223.0,579.12,594.36,1646039169.556,1646039169.89
1646039180,7c6db3,-37.58573913574219,144.82236172290558,69.11569977873913,171.86989764584402,-3.5763200000000004,QFA485  ,False,False,False,4223.0,541.02,556.26,1646039179.646,1646039179.977
1646039190,7c6db3,-37.591909634864976,144.82350888459578,68.68164574120269,171.38435181583588,-3.5763200000000004,QFA485  ,False,False,False,4223.0,502.92,518.16,1646039189.807,1646039189.935
1646039200,7c6db3,-37.59814453125,144.82469923952794,69.26869542755718,171.02737338510363,-4.22656,QFA485  ,False,False,False,4223.0,464.8200000000001,487.68,1646039200.0,1646039200.0
1646039210,7c6db3,-37.60423278808594,144.8258679978391,69.69909368435444,171.5110561194953,-3.90144,QFA485  ,False,False,False,4223.0,426.72,441.96,1646039209.799,1646039209.852
1646039220,7c6db3,-37.61067018670553,144.8270316745924,70.71687266949702,171.63411387596744,-3.90144,QFA485  ,False,False,False,4223.0,388.62,396.24,1646039219.985,1646039219.985
1646039230,7c6db3,-37.61667542538402,144.82810642408288,71.08454577539092,172.51496104962663,-3.5763200000000004,QFA485  ,False,False,False,4223.0,358.14000000000004,365.7600000000001,1646039229.627,1646039229.667
1646039240,7c6db3,-37.623053081965054,144.8292408818784,71.22588186823653,171.69432379444402,-3.90144,QFA485  ,False,False,False,4223.0,320.04,327.66,1646039239.497,1646039239.909
1646039250,7c6db3,-37.62943073854609,144.83043504797894,71.88975268957188,170.94211187138237,-3.90144,QFA485  ,False,False,False,4223.0,281.94,289.56,1646039249.485,1646039249.734
1646039260,7c6db3,-37.63576184288934,144.8316889223845,71.3020126343048,171.28526712513883,-3.2512000000000003,QFA485  ,False,False,False,4223.0,251.46,259.08,1646039259.565,1646039259.565
1646039270,7c6db3,-37.64208984375,144.83282210979056,71.6629909254706,172.16073666819457,-3.90144,QFA485  ,False,False,False,4223.0,213.36,220.98,1646039269.594,1646039269.594
1646039280,7c6db3,-37.64879646947827,144.8340772545856,72.90599017616745,171.06940989958102,-3.90144,QFA485  ,False,False,False,4231.0,167.64,182.88,1646039279.919,1646039279.919
1646039290,7c6db3,-37.65522766113281,144.83533494015958,72.82790221140917,171.4692343900519,-2.92608,QFA485  ,False,False,False,4231.0,137.16,144.78,1646039289.918,1646039289.918
