time,icao24,lat,lon,velocity,heading,vertrate,callsign,onground,alert,spi,squawk,baroaltitude,geoaltitude,lastposupdate,lastcontact
1620616490,7c6de6,-33.9324847722458,151.19081497192383,83.91116253612078,34.76180233348702,12.35456,QFA445  ,False,False,False,,426.72,449.58,1620616489.804,1620616489.804
1620616500,7c6de6,-33.92782954846399,151.19762420654297,89.84378213681791,60.49927537650085,8.45312,QFA445  ,False,False,False,,510.54,533.4,1620616499.209,1620616499.209
1620616510,7c6de6,-33.926239013671875,151.20791688257336,94.6590939353296,90.31138704027484,11.05408,QFA445  ,False,False,False,,617.22,640.08,1620616509.483,1620616509.484
1620616520,7c6de6,-33.92899335440944,151.2183380126953,98.05389010070812,114.81713087242686,9.7536,QFA445  ,False,False,False,,723.9000000000001,754.3800000000001,1620616519.78,1620616519.928
1620616530,7c6de6,-33.933043399099574,151.22840881347656,103.5362484502586,115.9284576011145,8.77824,QFA445  ,False,False,False,,815.34,853.44,1620616529.925,1620616529.964
1620616540,7c6de6,-33.93681335449219,151.23902612802934,111.51100295466344,110.5251079766327,5.8521600000000005,QFA445  ,False,False,False,,883.9200000000001,922.02,1620616539.925,1620616539.944
1620616550,7c6de6,-33.93955993652344,151.2513577208227,119.7594252272749,101.64781436729665,7.152640000000001,QFA445  ,False,False,False,,952.5,990.6,1620616549.732,1620616549.999
1620616560,7c6de6,-33.94061279296875,151.2645301040338,127.66609638169626,92.07837024536197,9.10336,QFA445  ,False,False,False,,1043.94,1082.04,1620616559.943,1620616559.959
1620616570,7c6de6,-33.94010925292969,151.2791038046078,134.55439925618842,86.27335507676075,11.3792,QFA445  ,False,False,False,,1158.24,1196.34,1620616569.979,1620616569.979
1620616580,7c6de6,-33.93937683105469,151.2938456632653,144.27930273369503,86.72951207681643,4.55168,QFA445  ,False,False,False,,1211.5800000000002,1257.3000000000002,1620616579.764,1620616579.875
1620616590,7c6de6,-33.93864440917969,151.31060541892538,150.3902047540416,87.25504410616188,4.8768,QFA445  ,False,False,False,,1272.54,1310.64,1620616589.909,1620616589.921
1620616600,7c6de6,-33.93804931640625,151.32658043686226,155.50596349350636,87.53514708200878,3.5763200000000004,QFA445  ,False,False,False,,1303.02,1348.74,1620616599.504,1620616599.504
1620616610,7c6de6,-33.93746586169226,151.34376525878906,158.0356561398861,87.94793462959132,4.8768,QFA445  ,False,False,False,,1348.74,1394.46,1620616609.821,1620616609.821
1620616620,7c6de6,-33.93737275721662,151.36041641235352,159.06388858147494,92.03879463926717,8.45312,QFA445  ,False,False,False,,1417.3200000000002,1455.42,1620616619.666,1620616619.666
1620616630,7c6de6,-33.94001770019531,151.37747628348214,161.9804360178816,105.0955208442111,12.02944,QFA445  ,False,False,False,,1516.38,1554.48,1620616629.428,1620616629.428
1620616640,7c6de6,-33.946683204780186,151.39394760131836,167.4125983256085,122.32265301141086,13.0048,QFA445  ,False,False,False,,1630.68,1668.7800000000002,1620616639.851,1620616639.851
1620616650,7c6de6,-33.956366070246304,151.40642166137695,166.4518521723886,137.88116407500377,19.832320000000003,QFA445  ,False,False,False,,1783.0800000000002,1821.18,1620616649.276,1620616649.431
1620616660,7c6de6,-33.969818115234375,151.4157602738361,161.61731307383704,155.55604521958347,22.7584,QFA445  ,False,False,False,,2004.06,2049.78,1620616659.912,1620616659.945
1620616670,7c6de6,-33.98345947265625,151.42030054209184,159.40792589806247,168.8351198224514,17.231360000000002,QFA445  ,False,False,False,,2186.94,2240.28,1620616669.587,1620616669.679
1620616680,7c6de6,-33.99787902832031,151.42074896364795,157.20957484992604,183.5646389721157,17.881600000000002,QFA445  ,False,False,False,,2346.96,2400.3,1620616679.683,1620616679.97
1620616690,7c6de6,-34.0120890989142,151.41729354858398,156.1682865781968,195.86761887243435,17.55648,QFA445  ,False,False,False,,2514.6,2575.56,1620616689.849,1620616689.858
1620616700,7c6de6,-34.02479553222656,151.41049132055167,156.05979045301964,208.3391320358959,15.93088,QFA445  ,False,False,False,,2674.6200000000003,2735.5800000000004,1620616699.726,1620616699.776
1620616710,7c6de6,-34.03666868048202,151.40069961547852,158.65573063202993,217.0928372970416,13.98016,QFA445  ,False,False,False,,2819.4,2880.36,1620616709.736,1620616709.973
1620616720,7c6de6,-34.04786682128906,151.38947156010843,160.72156005595292,221.49646835521557,14.630400000000002,QFA445  ,False,False,False,,2956.56,3025.14,1620616719.75,1620616719.763
1620616730,7c6de6,-34.05867004394531,151.3773081253986,162.99352601618332,223.97696981133217,14.305280000000002,QFA445  ,False,False,False,,3101.34,3169.92,1620616729.94,1620616729.999
1620616740,7c6de6,-34.0689697265625,151.36492047991072,165.8792749299017,225.2512956672089,14.305280000000002,QFA445  ,False,False,False,,3230.88,3307.08,1620616739.587,1620616739.902
1620616750,7c6de6,-34.079315185546875,151.35225257095027,167.71584507052327,225.86993413562905,14.955520000000002,QFA445  ,False,False,False,,3375.6600000000003,3444.24,1620616749.435,1620616749.767
1620616760,7c6de6,-34.09038996292372,151.33844375610352,169.17074616162108,225.86245196647383,17.55648,QFA445  ,False,False,False,,3550.92,3627.12,1620616759.95,1620616759.99
1620616770,7c6de6,-34.10101318359375,151.32540333027742,173.882072,225.23972989608083,6.1772800000000005,QFA445  ,False,False,False,,3649.98,3733.8,1620616769.64,1620616769.944
1620616780,7c6de6,-34.11250305175781,151.31161436742667,181.15734769360185,224.7698977049028,9.42848,QFA445  ,False,False,False,,3710.94,3794.76,1620616779.863,1620616779.921
1620616790,7c6de6,-34.123814469676915,151.29833221435547,183.7199019216972,224.2058519354643,13.98016,QFA445  ,False,False,False,,3832.86,3924.3,1620616789.76,1620616789.836
1620616800,7c6de6,-34.1361042604608,151.28402709960938,184.1019633469161,223.86781972486867,17.881600000000002,QFA445  ,False,False,False,,4000.5,4091.94,1620616799.75,1620616799.917
1620616810,7c6de6,-34.147796630859375,151.27058379504146,185.2005545041773,223.7619735064483,16.581120000000002,QFA445  ,False,False,False,,4160.52,4244.34,1620616809.542,1620616809.677
1620616820,7c6de6,-34.16059073755298,151.25581741333008,186.65528485046636,223.77162376511944,17.231360000000002,QFA445  ,False,False,False,,4343.400000000001,4427.22,1620616819.968,1620616819.968
1620616830,7c6de6,-34.172149658203125,151.24244534239477,187.38265198614445,223.7763927051245,17.55648,QFA445  ,False,False,False,,4503.42,4610.1,1620616829.614,1620616829.911
1620616840,7c6de6,-34.18437194824219,151.2283200633769,188.8373901069748,223.7858203704567,18.531840000000003,QFA445  ,False,False,False,,4678.68,4792.9800000000005,1620616839.587,1620616839.945
1620616850,7c6de6,-34.196685791015625,151.21413873166455,189.92113134194335,223.90251394661948,13.98016,QFA445  ,False,False,False,,4846.320000000001,4968.240000000001,1620616849.576,1620616849.858
1620616860,7c6de6,-34.20942403502386,151.19928359985352,195.3702265882384,224.03982543333365,9.10336,QFA445  ,False,False,False,,4930.14,5052.06,1620616859.706,1620616859.996
1620616870,7c6de6,-34.222132795948085,151.18452072143555,199.007393548724,224.0573757021884,12.67968,QFA445  ,False,False,False,,5044.4400000000005,5166.360000000001,1620616869.64,1620616869.949
1620616880,7c6de6,-34.234954833984375,151.16952078683036,201.91714012507265,224.07096068057797,12.67968,QFA445  ,False,False,False,3655.0,5166.360000000001,5295.900000000001,1620616879.637,1620616879.833
1620616890,7c6de6,-34.24838825807734,151.15385055541992,204.4576762622224,224.18445679710288,13.32992,QFA445  ,False,False,False,3655.0,5295.900000000001,5425.4400000000005,1620616889.924,1620616889.988
1620616900,7c6de6,-34.26198151152016,151.13800048828125,206.28178052273967,224.09061955080085,14.305280000000002,QFA445  ,False,False,False,3655.0,5425.4400000000005,5547.360000000001,1620616899.945,1620616899.978
1620616910,7c6de6,-34.27510070800781,151.12271678691008,207.73666590071505,224.0969889331895,14.630400000000002,QFA445  ,False,False,False,3655.0,5570.22,5707.38,1620616909.706,1620616909.961
1620616920,7c6de6,-34.28842318260064,151.10715866088867,208.10642838959424,223.9984275643442,15.60576,QFA445  ,False,False,False,3655.0,5722.62,5867.4,1620616919.679,1620616919.991
1620616930,7c6de6,-34.30192565917969,151.09138333067602,209.1915538101981,224.1032697199419,15.93088,QFA445  ,False,False,False,3655.0,5875.02,6027.42,1620616929.647,1620616929.88
1620616940,7c6de6,-34.31560968948622,151.07545852661133,209.1915538101981,224.1032697199419,15.280640000000002,QFA445  ,False,False,False,3655.0,6027.42,6179.82,1620616939.688,1620616939.969
1620616950,7c6de6,-34.329202942929044,151.05955123901367,210.64644419873528,224.10946374663945,14.305280000000002,QFA445  ,False,False,False,3655.0,6164.58,6316.98,1620616949.744,1620616949.953
1620616960,7c6de6,-34.342987060546875,151.04345827686544,211.37389030665227,224.11252878477023,14.305280000000002,QFA445  ,False,False,False,3655.0,6309.360000000001,6454.14,1620616959.969,1620616959.969
1620616970,7c6de6,-34.3564453125,151.02770746970663,212.4597666040236,224.2151753970081,13.65504,QFA445  ,False,False,False,3655.0,6438.900000000001,6606.540000000001,1620616969.512,1620616969.767
1620616980,7c6de6,-34.370448225635585,151.01125717163086,213.5562322103038,224.1215986121308,13.0048,QFA445  ,False,False,False,3655.0,6568.4400000000005,6736.080000000001,1620616979.856,1620616979.976
1620616990,7c6de6,-34.38427734375,150.9950848014987,214.2836806845662,224.1245808343893,12.67968,QFA445  ,False,False,False,3655.0,6697.9800000000005,6865.620000000001,1620616989.801,1620616989.875
1620617000,7c6de6,-34.398333016088486,150.97864151000977,215.7385793570604,224.13048494437143,12.02944,QFA445  ,False,False,False,3655.0,6819.900000000001,6979.920000000001,1620616999.983,1620616999.983
1620617010,7c6de6,-34.41215515136719,150.9624060805963,217.19348028968625,224.1363099554004,12.35456,QFA445  ,False,False,False,3655.0,6934.200000000001,7109.460000000001,1620617009.892,1620617009.987
1620617020,7c6de6,-34.42640401549261,150.94573974609375,218.64838343732652,224.14205744634597,11.70432,QFA445  ,False,False,False,3655.0,7056.120000000001,7223.76,1620617019.912,1620617019.912
1620617030,7c6de6,-34.440582275390625,150.9291107800542,220.103288756057,224.1477289543384,12.02944,QFA445  ,False,False,False,3655.0,7170.42,7345.68,1620617029.874,1620617029.95
1620617040,7c6de6,-34.454754328323645,150.91249465942383,221.5581962031069,224.1533259761385,11.05408,QFA445  ,False,False,False,3655.0,7277.1,7452.360000000001,1620617039.771,1620617039.957
1620617050,7c6de6,-34.469232074284946,150.89550018310547,223.01310573682167,224.1588499694541,11.3792,QFA445  ,False,False,False,3655.0,7391.400000000001,7559.040000000001,1620617049.962,1620617049.962
1620617060,7c6de6,-34.4835205078125,150.87871940768494,223.74056127345756,224.16158502559787,11.70432,QFA445  ,False,False,False,3655.0,7505.700000000001,7688.580000000001,1620617059.969,1620617059.993
1620617070,7c6de6,-34.497711181640625,150.8620157047194,225.1954738614199,224.16700212706263,10.40384,QFA445  ,False,False,False,3655.0,7604.76,7787.64,1620617069.698,1620617069.771
1620617080,7c6de6,-34.51258850097656,150.8445272640306,226.2816889840149,224.2631174217884,11.05408,QFA445  ,False,False,False,3655.0,7719.06,7901.94,1620617079.82,1620617079.945
1620617090,7c6de6,-34.52742237155724,150.82706451416016,228.105304960852,224.1776290200018,10.07872,QFA445  ,False,False,False,3655.0,7818.120000000001,8001.000000000001,1620617089.871,1620617089.98
1620617100,7c6de6,-34.541853565280746,150.80995559692383,229.17426460511984,224.8181092475028,9.10336,QFA445  ,False,False,False,3655.0,7901.94,8084.820000000001,1620617099.834,1620617099.963
1620617110,7c6de6,-34.555679579912635,150.7919883728027,229.589619648353,228.4517539082221,10.40384,QFA445  ,False,False,False,3655.0,8001.0,8191.5,1620617109.728,1620617109.761
1620617120,7c6de6,-34.5692138671875,150.77210718271684,229.39011234269523,231.9221603847088,10.07872,QFA445  ,False,False,False,3655.0,8107.68,8290.56,1620617119.921,1620617119.93
1620617130,7c6de6,-34.58142296742585,150.75210571289062,230.49158069821257,233.8974106692457,9.7536,QFA445  ,False,False,False,3655.0,8206.74,8397.24,1620617129.729,1620617129.999
1620617140,7c6de6,-34.5941162109375,150.73118871572066,231.81853585746305,233.66413543310804,10.07872,QFA445  ,False,True,False,3655.0,8305.800000000001,8488.68,1620617139.97,1620617139.97
1620617150,7c6de6,-34.60588073730469,150.71185053611288,232.53779302527903,233.6371314150708,10.40384,QFA445  ,False,True,False,3655.0,8397.24,8587.74,1620617149.499,1620617149.771
1620617160,7c6de6,-34.618560791015625,150.6910549864477,232.95226324658807,233.71215076262456,9.7536,QFA445  ,False,True,False,3655.0,8503.92,8694.42,1620617159.849,1620617159.996
1620617170,7c6de6,-34.63055419921875,150.67121233258928,233.06357258700535,233.88894247842453,10.40384,QFA445  ,False,True,False,3655.0,8595.36,8785.86,1620617169.612,1620617169.73
1620617180,7c6de6,-34.64343054819915,150.64985275268555,233.3671314123008,233.78690350682385,9.42848,QFA445  ,False,True,False,3655.0,8694.42,8884.92,1620617179.885,1620617179.885
1620617190,7c6de6,-34.65585999569652,150.62931060791016,233.7823954038515,233.86139081319277,9.42848,QFA445  ,False,True,False,3655.0,8793.48,8983.98,1620617189.998,1620617189.998
1620617200,7c6de6,-34.667591159626625,150.6097412109375,234.1980531156861,233.93561384258172,9.10336,QFA445  ,False,True,False,3655.0,8877.300000000001,9060.18,1620617199.328,1620617199.674
1620617210,7c6de6,-34.680267333984375,150.58864671356824,234.61410245518272,234.0095737511668,8.77824,QFA445  ,False,True,False,3655.0,8968.74,9159.24,1620617209.633,1620617209.887
1620617220,7c6de6,-34.69333454713984,150.5668830871582,235.33268754176183,233.98183519397384,7.80288,QFA445  ,False,True,False,3655.0,9052.56,9235.44,1620617219.976,1620617219.976
1620617230,7c6de6,-34.70576399463721,150.54611206054688,235.33268754176183,233.98183519397384,12.02944,QFA445  ,False,True,False,3655.0,9151.62,9334.5,1620617229.955,1620617229.997
1620617240,7c6de6,-34.71768136751854,150.5262565612793,234.1980531156861,233.93561384258172,13.32992,QFA445  ,False,True,False,3655.0,9273.54,9456.42,1620617239.757,1620617239.972
1620617250,7c6de6,-34.730110815015905,150.50548553466797,232.04218883151228,234.01932243138168,13.98016,QFA445  ,False,True,False,3655.0,9410.7,9593.58,1620617249.783,1620617249.884
1620617260,7c6de6,-34.74220275878906,150.48534159757654,229.88682912883368,234.10460086540215,14.305280000000002,QFA445  ,False,True,False,3655.0,9555.48,9738.36,1620617259.811,1620617259.959
1620617270,7c6de6,-34.754241943359375,150.46516262755102,227.616909060333,234.0107095468176,13.65504,QFA445  ,False,True,False,3655.0,9692.64,9875.52,1620617269.608,1620617269.84
1620617280,7c6de6,-34.766326904296875,150.4449836575255,226.17991336984105,234.06843886590983,12.35456,QFA445  ,False,True,False,3655.0,9822.18,10005.06,1620617279.849,1620617279.929
1620617290,7c6de6,-34.77810617220604,150.42526245117188,224.7431502312448,234.12690636188316,11.05408,QFA445  ,False,True,False,3655.0,9936.48,10119.36,1620617289.618,1620617289.943
1620617300,7c6de6,-34.7900390625,150.40529834980867,223.6080422749489,234.07923230626147,11.05408,QFA445  ,False,True,False,3655.0,10050.78,10233.66,1620617299.917,1620617299.917
1620617310,7c6de6,-34.80189436573096,150.38537979125977,222.8896533792507,234.1087439412339,10.40384,QFA445  ,False,True,False,3655.0,10157.46,10332.72,1620617309.801,1620617309.964
1620617320,7c6de6,-34.8134765625,150.36594935825894,221.75460540823084,234.06057845023437,9.7536,QFA445  ,False,True,False,3655.0,10256.52,10431.78,1620617319.738,1620617319.848
1620617330,7c6de6,-34.82505798339844,150.34655512595663,221.75460540823084,234.06057845023437,7.152640000000001,QFA445  ,False,True,False,3655.0,10340.34,10515.6,1620617329.524,1620617329.744
1620617340,7c6de6,-34.83690164856995,150.32672882080078,222.1713239991296,234.13844641950843,5.52704,QFA445  ,False,True,False,3655.0,10408.92,10576.56,1620617339.833,1620617339.833
1620617350,7c6de6,-34.84877014160156,150.3068137655453,222.8896533792507,234.1087439412339,5.8521600000000005,QFA445  ,False,True,False,3655.0,10462.26,10637.52,1620617349.898,1620617349.954
1620617360,7c6de6,-34.860457080905746,150.28724670410156,224.02485726717077,234.1564213264841,5.52704,QFA445  ,False,True,False,3655.0,10515.6,10690.86,1620617359.66,1620617359.973
1620617370,7c6de6,-34.8724365234375,150.26718451052295,224.7431502312448,234.12690636188316,5.8521600000000005,QFA445  ,False,True,False,3655.0,10576.56,10751.820000000002,1620617369.932,1620617369.948
1620617380,7c6de6,-34.884063720703125,150.24762212013712,225.4615024536741,234.0975794672412,5.8521600000000005,QFA445  ,False,True,False,3655.0,10629.9,10805.16,1620617379.725,1620617379.898
1620617390,7c6de6,-34.896240234375,150.22727499202807,226.17991336984105,234.06843886590983,5.52704,QFA445  ,False,True,False,3655.0,10690.86,10866.12,1620617389.805,1620617389.805
1620617400,7c6de6,-34.90831278138245,150.20696640014648,226.89838242223345,234.03948280335516,5.52704,QFA445  ,False,True,False,3655.0,10744.2,10911.84,1620617399.929,1620617399.929
1620617410,7c6de6,-34.91999739307471,150.18728256225586,227.4313810833622,234.29659730215516,6.502400000000001,QFA445  ,False,True,False,3655.0,10805.16,10972.8,1620617409.792,1620617409.915
1620617420,7c6de6,-34.93158890029133,150.1677131652832,227.4313810833622,234.29659730215516,6.827520000000001,QFA445  ,False,True,False,3655.0,10873.74,11041.38,1620617419.374,1620617419.796
1620617430,7c6de6,-34.94398498535156,150.1467833227041,226.71343379339032,234.32629977414285,8.128,QFA445  ,False,True,False,3655.0,10957.56,11109.96,1620617429.94,1620617429.94
1620617440,7c6de6,-34.95574951171875,150.12685775756836,226.29572340757508,234.25034090432712,7.80288,QFA445  ,False,True,False,3655.0,11026.14,11193.78,1620617439.716,1620617439.987
1620617450,7c6de6,-34.96751403808594,150.10704196229273,225.87841222211512,234.1741012315273,7.152640000000001,QFA445  ,False,False,False,3655.0,11102.34,11269.98,1620617449.704,1620617449.953
1620617460,7c6de6,-34.97916528734112,150.08743286132812,225.5776813189572,234.2800456877097,6.827520000000001,QFA445  ,False,False,False,3655.0,11170.92,11338.56,1620617459.513,1620617459.621
1620617470,7c6de6,-34.99126886917372,150.0670051574707,225.160214713704,234.2036179231889,7.477760000000001,QFA445  ,False,False,False,3655.0,11247.12,11414.76,1620617469.586,1620617469.684
1620617480,7c6de6,-35.00331115722656,150.04667321029976,224.44207734374447,234.2333235092772,7.477760000000001,QFA445  ,False,False,False,3655.0,11323.32,11490.96,1620617479.882,1620617479.882
1620617490,7c6de6,-35.01493835449219,150.02699871452486,223.7240006913563,234.26321979275605,7.477760000000001,QFA445  ,False,False,False,3655.0,11399.52,11567.16,1620617489.779,1620617489.896
1620617500,7c6de6,-35.026885986328125,150.00676369180485,223.12462890649337,234.4776788893821,7.477760000000001,QFA445  ,False,False,False,3655.0,11475.72,11635.740000000002,1620617499.913,1620617499.968
1620617510,7c6de6,-35.038330078125,149.9871452487245,221.8112869525085,234.7249324617386,7.80288,QFA445  ,False,False,False,3655.0,11544.3,11704.320000000002,1620617509.937,1620617509.939
1620617520,7c6de6,-35.04973847987287,149.96755599975586,221.09424204299145,234.75677993768124,6.1772800000000005,QFA445  ,False,False,False,3655.0,11620.5,11780.52,1620617519.669,1620617519.89
1620617530,7c6de6,-35.06146964380298,149.94741439819336,221.3914998848092,234.64804531609812,4.8768,QFA445  ,False,False,False,3655.0,11673.84,11826.24,1620617529.982,1620617529.982
1620617540,7c6de6,-35.072781837592686,149.92807388305664,221.6895529410088,234.53960268383867,4.55168,QFA445  ,False,False,False,3655.0,11719.56,11879.580000000002,1620617539.82,1620617539.996
1620617550,7c6de6,-35.084373344809364,149.90833282470703,221.27073098392387,234.46232220802565,5.52704,QFA445  ,False,False,False,3655.0,11772.9,11932.920000000002,1620617549.644,1620617549.93
1620617560,7c6de6,-35.095964852025986,149.8887062072754,220.434301595478,234.3068809737762,6.827520000000001,QFA445  ,False,False,False,3655.0,11833.86,11993.88,1620617559.771,1620617559.89
1620617570,7c6de6,-35.107635498046875,149.8689301159917,220.01669878133484,234.22871744301972,6.502400000000001,QFA445  ,False,False,False,3655.0,11902.44,12054.84,1620617569.837,1620617569.975
1620617580,7c6de6,-35.11866760253906,149.8502085160236,219.29861333056013,234.2592019426048,6.502400000000001,QFA445  ,False,False,False,3655.0,11963.4,12123.420000000002,1620617579.476,1620617579.585
1620617590,7c6de6,-35.13011169433594,149.83092638911037,219.29861333056013,234.2592019426048,3.90144,QFA445  ,False,False,False,3655.0,12009.12,12161.52,1620617589.273,1620617589.506
1620617600,7c6de6,-35.14215087890625,149.81046715561226,218.58059036724407,234.28988673010397,4.8768,QFA445  ,False,False,False,3655.0,12062.46,12214.86,1620617599.834,1620617599.94
1620617610,7c6de6,-35.1535499702066,149.79120254516602,218.58059036724407,234.28988673010397,4.55168,QFA445  ,False,False,False,3655.0,12100.56,12252.96,1620617609.772,1620617609.849
1620617620,7c6de6,-35.164581298828125,149.7726315868144,218.0478039886722,234.02231938605587,5.52704,QFA445  ,False,False,False,3655.0,12153.9,12306.3,1620617619.304,1620617619.672
1620617630,7c6de6,-35.1763916015625,149.75262077487244,218.2807170454381,234.3995323378052,2.92608,QFA445  ,False,False,False,3655.0,12192.0,12344.4,1620617629.676,1620617629.931
1620617640,7c6de6,-35.18833923339844,149.73238575215242,219.71637645086395,234.33756295062705,-0.97536,QFA445  ,False,False,False,3655.0,12192.0,12344.4,1620617639.999,1620617639.999
1620617650,7c6de6,-35.19964599609375,149.71310362523917,220.55312861180423,234.4933936689239,-0.32512,QFA445  ,False,False,False,3655.0,12192.0,12344.4,1620617649.923,1620617649.923
1620617660,7c6de6,-35.21099853515625,149.6937654456314,221.5701409426756,234.35407120144745,0.0,QFA445  ,False,False,False,3655.0,12192.0,12344.4,1620617659.667,1620617659.798
1620617670,7c6de6,-35.222808837890625,149.67358647560587,221.98839800850288,234.4314516401545,0.0,QFA445  ,False,False,False,3655.0,12192.0,12344.4,1620617669.948,1620617669.993
1620617680,7c6de6,-35.234085341631385,149.6543592087766,222.4070584506348,234.5085408961827,0.0,QFA445  ,False,False,False,3655.0,12184.38,12336.78,1620617679.493,1620617679.67
1620617690,7c6de6,-35.24555969238281,149.63470458984375,222.4070584506348,234.5085408961827,0.32512,QFA445  ,False,False,False,3655.0,12192.0,12344.4,1620617689.518,1620617689.774
1620617700,7c6de6,-35.257415771484375,149.61444854736328,222.4070584506348,234.5085408961827,0.0,QFA445  ,False,False,False,3655.0,12192.0,12344.4,1620617699.554,1620617699.691
1620617710,7c6de6,-35.269139176708165,149.594343469498,222.52839995157436,234.69329023741403,0.0,QFA445  ,False,False,False,3655.0,12192.0,12344.4,1620617709.736,1620617709.949
1620617720,7c6de6,-35.280853271484375,149.5742225646973,223.12462890649337,234.4776788893821,0.0,QFA445  ,False,False,False,3655.0,12192.0,12344.4,1620617719.893,1620617719.948
1620617730,7c6de6,-35.29229736328125,149.55476760864258,223.12462890649337,234.4776788893821,0.0,QFA445  ,False,False,False,3655.0,12192.0,12344.4,1620617729.848,1620617729.989
1620617740,7c6de6,-35.304286116260585,149.5342108543883,223.12462890649337,234.4776788893821,-0.32512,QFA445  ,False,False,False,3655.0,12192.0,12344.4,1620617739.893,1620617739.893
1620617750,7c6de6,-35.31573796676378,149.51469259059175,223.54352916928624,234.55428967240172,0.0,QFA445  ,False,False,False,3655.0,12192.0,12344.4,1620617749.678,1620617749.757
1620617760,7c6de6,-35.326770847126625,149.49570026803525,223.2455803840338,234.66185130597887,0.0,QFA445  ,False,False,False,3655.0,12192.0,12336.78,1620617759.195,1620617759.493
1620617770,7c6de6,-35.33935546875,149.4741439819336,223.54352916928624,234.55428967240172,0.0,QFA445  ,False,False,False,3655.0,12192.0,12336.78,1620617769.964,1620617769.964
1620617780,7c6de6,-35.350799560546875,149.45451736450195,223.54352916928624,234.55428967240172,-0.32512,QFA445  ,False,False,False,3655.0,12184.38,12329.160000000002,1620617779.879,1620617779.952
1620617790,7c6de6,-35.3624267578125,149.4345474243164,223.54352916928624,234.55428967240172,0.32512,QFA445  ,False,False,False,3655.0,12184.38,12329.160000000002,1620617789.823,1620617789.979
1620617800,7c6de6,-35.373504638671875,149.4154930114746,223.2455803840338,234.66185130597887,0.0,QFA445  ,False,False,False,3655.0,12184.38,12329.160000000002,1620617799.492,1620617799.899
1620617810,7c6de6,-35.38556632349048,149.39466111203458,223.66543737256669,234.7380751674815,0.0,QFA445  ,False,False,False,3655.0,12184.38,12336.78,1620617809.753,1620617809.937
1620617820,7c6de6,-35.39692506951803,149.37502597240692,223.66543737256669,234.7380751674815,0.32512,QFA445  ,False,False,False,3655.0,12184.38,12336.78,1620617819.538,1620617819.801
1620617830,7c6de6,-35.408563128972446,149.35504020528592,223.66543737256669,234.7380751674815,0.0,QFA445  ,False,False,False,3655.0,12192.0,12336.78,1620617829.568,1620617829.883
1620617840,7c6de6,-35.42062015856726,149.33417786943153,223.66543737256669,234.7380751674815,-0.32512,QFA445  ,False,False,False,3655.0,12192.0,12336.78,1620617839.928,1620617839.972
1620617850,7c6de6,-35.432098388671875,149.31427001953125,223.66543737256669,234.7380751674815,-0.32512,QFA445  ,False,False,False,3655.0,12192.0,12336.78,1620617849.841,1620617849.961
1620617860,7c6de6,-35.44338420286016,149.29479071434508,223.66543737256669,234.7380751674815,0.0,QFA445  ,False,False,False,3655.0,12192.0,12336.78,1620617859.554,1620617859.923
1620617870,7c6de6,-35.455078125,149.2745018005371,223.78964436984143,234.92165854168567,0.0,QFA445  ,False,False,False,3655.0,12192.0,12336.78,1620617869.665,1620617869.954
1620617880,7c6de6,-35.466705322265625,149.2543601989746,224.0856887317377,234.81401326178377,-0.32512,QFA445  ,False,False,False,3655.0,12184.38,12329.160000000002,1620617879.7,1620617879.815
1620617890,7c6de6,-35.478670799126064,149.23360621675533,224.0856887317377,234.81401326178377,0.0,QFA445  ,False,False,False,3655.0,12192.0,12336.78,1620617889.862,1620617889.899
1620617900,7c6de6,-35.48991394042969,149.2140769958496,224.0856887317377,234.81401326178377,0.0,QFA445  ,False,False,False,3655.0,12192.0,12336.78,1620617899.676,1620617899.967
1620617910,7c6de6,-35.501853813559364,149.1933424929355,224.0856887317377,234.81401326178377,0.0,QFA445  ,False,False,False,3655.0,12192.0,12336.78,1620617909.894,1620617909.894
1620617920,7c6de6,-35.513026350635585,149.17399954288564,224.0856887317377,234.81401326178377,0.0,QFA445  ,False,False,False,3655.0,12192.0,12329.16,1620617919.536,1620617919.904
1620617930,7c6de6,-35.52497863769531,149.15325164794922,223.9628276020754,234.63061373330265,0.65024,QFA445  ,False,False,False,3655.0,12192.0,12329.16,1620617929.777,1620617929.959
1620617940,7c6de6,-35.53642272949219,149.1335678100586,223.9628276020754,234.63061373330265,0.0,QFA445  ,False,False,False,3655.0,12192.0,12329.16,1620617939.938,1620617939.938
1620617950,7c6de6,-35.54832458496094,149.1130828857422,224.0856887317377,234.81401326178377,-0.32512,QFA445  ,False,False,False,3655.0,12184.38,12329.160000000002,1620617949.731,1620617949.928
1620617960,7c6de6,-35.559906005859375,149.0928840637207,224.0856887317377,234.81401326178377,0.0,QFA445  ,False,False,False,3655.0,12184.38,12329.160000000002,1620617959.804,1620617959.939
1620617970,7c6de6,-35.57117009567003,149.0733694522939,224.0856887317377,234.81401326178377,0.32512,QFA445  ,False,False,False,3655.0,12192.0,12329.16,1620617969.53,1620617969.97
1620617980,7c6de6,-35.58338928222656,149.0522003173828,224.0856887317377,234.81401326178377,-0.32512,QFA445  ,False,False,False,3655.0,12192.0,12329.16,1620617979.916,1620617979.916
1620617990,7c6de6,-35.59501647949219,149.03200149536133,224.21084329655883,234.9972099182011,-0.32512,QFA445  ,False,False,False,3655.0,12184.38,12321.54,1620617989.979,1620617989.979
1620618000,7c6de6,-35.60636901855469,149.0122032165527,224.5063322468905,234.8896669276212,-0.32512,QFA445  ,False,False,False,3655.0,12184.38,12321.54,1620617999.774,1620617999.936
1620618010,7c6de6,-35.617908542439125,148.99225762549867,223.9628276020754,234.63061373330265,0.65024,QFA445  ,False,False,False,3655.0,12192.0,12329.16,1620618009.882,1620618009.911
1620618020,7c6de6,-35.62944030761719,148.97232055664062,223.9628276020754,234.63061373330265,-0.32512,QFA445  ,False,False,False,3655.0,12184.38,12321.54,1620618019.7,1620618019.901
1620618030,7c6de6,-35.64129638671875,148.95172119140625,224.38252197270768,234.7066524093397,0.0,QFA445  ,False,False,False,3655.0,12192.0,12329.16,1620618029.87,1620618029.924
1620618040,7c6de6,-35.652740478515625,148.93192291259766,224.8026100635992,234.78240703180728,-0.32512,QFA445  ,False,False,False,3655.0,12192.0,12329.16,1620618039.629,1620618039.993
1620618050,7c6de6,-35.66441345214844,148.91172409057617,225.09967363174985,234.67542986323215,-0.32512,QFA445  ,False,False,False,3655.0,12192.0,12321.54,1620618049.536,1620618049.866
1620618060,7c6de6,-35.676424705376064,148.8908094040891,225.22308967163835,234.8578789260445,0.0,QFA445  ,False,False,False,3655.0,12184.38,12313.920000000002,1620618059.991,1620618059.992
1620618070,7c6de6,-35.68806276483053,148.8705314473903,224.92736571787668,234.96503749768647,0.0,QFA445  ,False,False,False,3655.0,12184.38,12321.54,1620618069.826,1620618069.967
1620618080,7c6de6,-35.699654272047155,148.85019505277594,225.054404126373,235.1474636333166,0.32512,QFA445  ,False,False,False,3655.0,12184.38,12321.54,1620618079.959,1620618079.959
1620618090,7c6de6,-35.71138000488281,148.8296127319336,225.34878695895824,235.0401262986366,-0.32512,QFA445  ,False,False,False,3655.0,12184.38,12313.920000000002,1620618089.927,1620618089.98
1620618100,7c6de6,-35.72269762976697,148.80987289104056,225.64395860808983,234.93306941144056,0.0,QFA445  ,False,False,False,3655.0,12192.0,12321.54,1620618099.727,1620618099.965
1620618110,7c6de6,-35.734102928032314,148.78988712391956,225.34878695895824,235.0401262986366,-0.32512,QFA445  ,False,False,False,3655.0,12192.0,12313.92,1620618109.48,1620618109.987
1620618120,7c6de6,-35.74603271484375,148.76890182495117,225.4767616785056,235.2221686336361,-0.65024,QFA445  ,False,False,False,3655.0,12192.0,12313.92,1620618119.852,1620618119.966
1620618130,7c6de6,-35.75723939022777,148.74903902094417,225.89950111196052,235.29659416009295,-0.32512,QFA445  ,False,False,False,3655.0,12184.38,12306.3,1620618129.567,1620618129.861
1620618140,7c6de6,-35.76887512207031,148.72838973999023,225.18372142561,235.32968208901943,0.65024,QFA445  ,False,False,False,3655.0,12184.38,12313.920000000002,1620618139.71,1620618139.983
1620618150,7c6de6,-35.78045654296875,148.7079620361328,225.34878695895824,235.0401262986366,0.0,QFA445  ,False,False,False,3655.0,12184.38,12313.920000000002,1620618149.599,1620618149.973
1620618160,7c6de6,-35.792266845703125,148.6871337890625,225.054404126373,235.1474636333166,0.32512,QFA445  ,False,False,False,3655.0,12192.0,12321.54,1620618159.744,1620618159.94
1620618170,7c6de6,-35.80351231461867,148.66740125290892,225.34878695895824,235.0401262986366,0.0,QFA445  ,False,False,False,3655.0,12192.0,12321.54,1620618169.446,1620618169.8
1620618180,7c6de6,-35.81547546386719,148.6464500427246,224.92736571787668,234.96503749768647,-0.32512,QFA445  ,False,False,False,3655.0,12192.0,12321.54,1620618179.791,1620618179.994
1620618190,7c6de6,-35.82710266113281,148.62607955932617,224.92736571787668,234.96503749768647,0.32512,QFA445  ,False,False,False,3655.0,12192.0,12313.92,1620618189.801,1620618189.958
1620618200,7c6de6,-35.83845520019531,148.60610961914062,224.92736571787668,234.96503749768647,-0.32512,QFA445  ,False,False,False,3655.0,12192.0,12313.92,1620618199.64,1620618199.952
1620618210,7c6de6,-35.85008239746094,148.5857391357422,225.34878695895824,235.0401262986366,-0.32512,QFA445  ,False,False,False,3655.0,12192.0,12313.92,1620618209.713,1620618209.916
1620618220,7c6de6,-35.86151640293963,148.56554396609044,225.054404126373,235.1474636333166,-0.32512,QFA445  ,False,False,False,3655.0,12192.0,12306.3,1620618219.695,1620618219.797
1620618230,7c6de6,-35.87352688029665,148.54438944065825,224.6324306096212,235.07247783743892,-0.32512,QFA445  ,False,False,False,3655.0,12184.38,12298.68,1620618229.992,1620618229.992
1620618240,7c6de6,-35.88496398925781,148.52428436279297,223.9161463356656,235.105036365038,0.0,QFA445  ,False,False,False,3655.0,12184.38,12298.68,1620618239.854,1620618239.954
1620618250,7c6de6,-35.89595031738281,148.50482940673828,222.906275948297,235.24630460377944,0.0,QFA445  ,False,False,False,3655.0,12184.38,12298.68,1620618249.398,1620618249.944
1620618260,7c6de6,-35.907806396484375,148.48377227783203,222.19038253637032,235.2796762641267,0.32512,QFA445  ,False,False,False,3655.0,12184.38,12306.3,1620618259.764,1620618259.973
1620618270,7c6de6,-35.918701171875,148.4644889831543,220.33583069647983,235.2710037204791,0.32512,QFA445  ,False,False,False,3655.0,12184.38,12306.3,1620618269.454,1620618269.718
1620618280,7c6de6,-35.930227505958726,148.44393466381317,218.9042339514718,235.33891054294105,0.0,QFA445  ,False,False,False,3655.0,12184.38,12306.3,1620618279.704,1620618279.983
1620618290,7c6de6,-35.94116728184588,148.42453327584775,217.34269662099217,235.21907440781888,0.0,QFA445  ,False,False,False,3655.0,12184.38,12306.3,1620618289.562,1620618289.879
1620618300,7c6de6,-35.952479475635585,148.40448907081117,216.20423358747163,235.1755108430432,0.0,QFA445  ,False,False,False,3655.0,12184.38,12298.68,1620618299.658,1620618299.951
1620618310,7c6de6,-35.96355890823622,148.38479549326797,216.3339478180039,235.3651668640757,0.0,QFA445  ,False,False,False,3655.0,12184.38,12298.68,1620618309.725,1620618309.846
1620618320,7c6de6,-35.97496032714844,148.3645248413086,216.3339478180039,235.3651668640757,0.0,QFA445  ,False,False,False,3655.0,12192.0,12306.3,1620618319.937,1620618319.937
1620618330,7c6de6,-35.9857177734375,148.34546677609708,216.3339478180039,235.3651668640757,-0.32512,QFA445  ,False,False,False,3655.0,12192.0,12306.3,1620618329.827,1620618329.976
1620618340,7c6de6,-35.99688720703125,148.32561492919922,216.3339478180039,235.3651668640757,0.0,QFA445  ,False,False,False,3655.0,12184.38,12298.68,1620618339.946,1620618339.981
1620618350,7c6de6,-36.00759732521186,148.30648868641956,216.04198127777147,235.47742359600488,0.0,QFA445  ,False,False,False,3655.0,12184.38,12298.68,1620618349.538,1620618349.988
1620618360,7c6de6,-36.018951416015625,148.28619003295898,216.04198127777147,235.47742359600488,-0.32512,QFA445  ,False,False,False,3655.0,12192.0,12306.3,1620618359.804,1620618359.947
1620618370,7c6de6,-36.02989584712663,148.26663402800864,216.04198127777147,235.47742359600488,0.0,QFA445  ,False,False,False,3655.0,12192.0,12306.3,1620618369.77,1620618369.945
1620618380,7c6de6,-36.04106140136719,148.24670791625977,216.3339478180039,235.3651668640757,0.0,QFA445  ,False,False,False,3655.0,12184.38,12298.68,1620618379.907,1620618379.972
1620618390,7c6de6,-36.0523681640625,148.22662353515625,216.6267425501269,235.2532131578592,-0.32512,QFA445  ,False,False,False,3655.0,12192.0,12306.3,1620618389.995,1620618389.995
1620618400,7c6de6,-36.06298828125,148.20762634277344,216.3339478180039,235.3651668640757,0.0,QFA445  ,False,False,False,3655.0,12192.0,12306.3,1620618399.747,1620618399.965
1620618410,7c6de6,-36.07374572753906,148.18851470947266,216.75742490284867,235.4424523993608,-0.32512,QFA445  ,False,False,False,3655.0,12184.38,12298.68,1620618409.312,1620618409.854
1620618420,7c6de6,-36.0850136967029,148.16834145403925,216.75742490284867,235.4424523993608,0.0,QFA445  ,False,False,False,3655.0,12184.38,12298.68,1620618419.543,1620618419.946
1620618430,7c6de6,-36.09645080566406,148.14800262451172,216.6267425501269,235.2532131578592,0.0,QFA445  ,False,False,False,3655.0,12192.0,12306.3,1620618429.789,1620618429.895
1620618440,7c6de6,-36.10745187533104,148.12842835771278,217.04964837536647,235.3306128196807,0.32512,QFA445  ,False,False,False,3655.0,12192.0,12298.68,1620618439.653,1620618439.987
1620618450,7c6de6,-36.11865234375,148.10846328735352,217.04964837536647,235.3306128196807,-0.65024,QFA445  ,False,False,False,3655.0,12192.0,12298.68,1620618449.792,1620618449.936
1620618460,7c6de6,-36.12989005395923,148.08845682347075,217.04964837536647,235.3306128196807,-0.32512,QFA445  ,False,False,False,3655.0,12192.0,12298.68,1620618459.96,1620618459.96
1620618470,7c6de6,-36.14096948655987,148.06864637009642,217.04964837536647,235.3306128196807,0.32512,QFA445  ,False,False,False,3655.0,12192.0,12298.68,1620618469.885,1620618469.937
1620618480,7c6de6,-36.15204891916051,148.04883591672208,217.4729487479299,235.40771131249005,0.0,QFA445  ,False,False,False,3655.0,12192.0,12298.68,1620618479.957,1620618479.971
1620618490,7c6de6,-36.162506103515625,148.0301856994629,217.04964837536647,235.3306128196807,0.0,QFA445  ,False,False,False,3655.0,12192.0,12298.68,1620618489.296,1620618489.538
1620618500,7c6de6,-36.17413330078125,148.00941467285156,217.1812948385832,235.51943639989543,-0.32512,QFA445  ,False,False,False,3655.0,12192.0,12298.68,1620618499.834,1620618499.906
1620618510,7c6de6,-36.1849365234375,147.98995971679688,217.1812948385832,235.51943639989543,0.0,QFA445  ,False,False,False,3655.0,12184.38,12283.44,1620618509.702,1620618509.999
1620618520,7c6de6,-36.19601440429688,147.9701042175293,216.75742490284867,235.4424523993608,-0.65024,QFA445  ,False,False,False,3655.0,12184.38,12283.44,1620618519.573,1620618519.903
1620618530,7c6de6,-36.20722961425781,147.9499053955078,216.4660295437051,235.5545935125803,0.32512,QFA445  ,False,False,False,3655.0,12192.0,12291.06,1620618529.845,1620618529.968
1620618540,7c6de6,-36.21833930581306,147.9299147585605,216.4660295437051,235.5545935125803,-0.65024,QFA445  ,False,False,False,3655.0,12192.0,12291.06,1620618539.977,1620618539.977
1620618550,7c6de6,-36.22890666379766,147.910922436004,216.1754656467209,235.66703651779443,0.32512,QFA445  ,False,False,False,3655.0,12192.0,12291.06,1620618549.521,1620618549.876
1620618560,7c6de6,-36.23995971679688,147.89091110229492,216.1754656467209,235.66703651779443,-0.32512,QFA445  ,False,False,False,3655.0,12184.38,12283.44,1620618559.658,1620618559.994
1620618570,7c6de6,-36.25071716308594,147.87145614624023,215.8857365691288,235.7797817660891,0.0,QFA445  ,False,False,False,3655.0,12184.38,12291.06,1620618569.562,1620618569.829
1620618580,7c6de6,-36.26206970214844,147.85085678100586,215.8857365691288,235.7797817660891,0.0,QFA445  ,False,False,False,3655.0,12192.0,12291.06,1620618579.736,1620618579.97
1620618590,7c6de6,-36.27266576734644,147.8316221845911,215.8857365691288,235.7797817660891,0.0,QFA445  ,False,False,False,3655.0,12192.0,12291.06,1620618589.582,1620618589.768
1620618600,7c6de6,-36.28367614746094,147.81160354614258,215.8857365691288,235.7797817660891,-0.32512,QFA445  ,False,False,False,3655.0,12192.0,12291.06,1620618599.633,1620618599.88
1620618610,7c6de6,-36.2949177370233,147.79112470910906,215.8857365691288,235.7797817660891,0.0,QFA445  ,False,False,False,3655.0,12192.0,12291.06,1620618609.98,1620618610.0
1620618620,7c6de6,-36.30529888605668,147.77230770029922,216.1754656467209,235.66703651779443,0.0,QFA445  ,False,False,False,3655.0,12192.0,12291.06,1620618619.505,1620618619.812
1620618630,7c6de6,-36.31654357910156,147.75209426879883,216.4660295437051,235.5545935125803,0.32512,QFA445  ,False,False,False,3655.0,12192.0,12291.06,1620618629.584,1620618629.919
1620618640,7c6de6,-36.32731809454452,147.73262835563497,216.4660295437051,235.5545935125803,-0.32512,QFA445  ,False,False,False,3655.0,12192.0,12291.06,1620618639.512,1620618639.69
1620618650,7c6de6,-36.33879089355469,147.71203994750977,216.4660295437051,235.5545935125803,0.0,QFA445  ,False,False,False,3655.0,12192.0,12283.44,1620618649.882,1620618649.958
1620618660,7c6de6,-36.34959411621094,147.69258499145508,216.4660295437051,235.5545935125803,-0.32512,QFA445  ,False,False,False,3655.0,12184.38,12283.44,1620618659.648,1620618659.977
1620618670,7c6de6,-36.36069604905987,147.67255417844083,216.1754656467209,235.66703651779443,0.0,QFA445  ,False,False,False,3655.0,12192.0,12283.44,1620618669.689,1620618669.899
1620618680,7c6de6,-36.371915138373936,147.65227622174203,216.1754656467209,235.66703651779443,0.0,QFA445  ,False,False,False,3655.0,12192.0,12283.44,1620618679.826,1620618679.983
1620618690,7c6de6,-36.38278198242188,147.63256072998047,216.1754656467209,235.66703651779443,0.0,QFA445  ,False,False,False,3655.0,12192.0,12283.44,1620618689.831,1620618689.968
1620618700,7c6de6,-36.39337572000795,147.6132981320645,216.6004744335204,235.7437870709809,-0.32512,QFA445  ,False,False,False,3655.0,12192.0,12283.44,1620618699.568,1620618699.933
1620618710,7c6de6,-36.4047810182733,147.59261110995678,216.1754656467209,235.66703651779443,0.32512,QFA445  ,False,False,False,3655.0,12192.0,12283.44,1620618709.966,1620618709.966
1620618720,7c6de6,-36.41542053222656,147.57333755493164,216.1754656467209,235.66703651779443,-0.32512,QFA445  ,False,False,False,3655.0,12192.0,12283.44,1620618719.66,1620618719.892
1620618730,7c6de6,-36.42647436109644,147.55328239278592,215.8857365691288,235.7797817660891,0.0,QFA445  ,False,False,False,3655.0,12184.38,12275.820000000002,1620618729.834,1620618729.971
1620618740,7c6de6,-36.43760034593487,147.5330044360871,215.460546230636,235.70284759615924,0.0,QFA445  ,False,False,False,3655.0,12184.38,12275.820000000002,1620618739.982,1620618739.988
1620618750,7c6de6,-36.44854012182202,147.51325242062833,215.17108447391573,235.81601557540145,-0.32512,QFA445  ,False,False,False,3655.0,12184.38,12275.820000000002,1620618749.998,1620618749.998
1620618760,7c6de6,-36.45915403204452,147.49379259474736,214.88246440930493,235.9294880021804,0.0,QFA445  ,False,False,False,3655.0,12184.38,12275.820000000002,1620618759.78,1620618759.961
1620618770,7c6de6,-36.46966552734375,147.4746322631836,214.59468943291603,236.0432652129692,0.0,QFA445  ,False,False,False,3655.0,12184.38,12275.820000000002,1620618769.455,1620618769.897
1620618780,7c6de6,-36.4805215092029,147.45463919132314,214.16817169242657,235.96639094434053,0.0,QFA445  ,False,False,False,3655.0,12192.0,12275.82,1620618779.559,1620618779.934
1620618790,7c6de6,-36.491455078125,147.4346923828125,214.0309624386353,235.7751873922835,-0.32512,QFA445  ,False,False,False,3655.0,12184.38,12275.82,1620618789.667,1620618789.835
1620618800,7c6de6,-36.50225830078125,147.41500854492188,213.7420410321797,235.88921001277623,0.32512,QFA445  ,False,False,False,3655.0,12192.0,12275.82,1620618799.691,1620618799.944
1620618810,7c6de6,-36.51347351074219,147.39446640014648,213.7420410321797,235.88921001277623,0.0,QFA445  ,False,False,False,3655.0,12192.0,12275.82,1620618809.931,1620618809.946
1620618820,7c6de6,-36.52395474708686,147.3753973778258,213.7420410321797,235.88921001277623,-0.32512,QFA445  ,False,False,False,3655.0,12192.0,12275.82,1620618819.72,1620618819.938
1620618830,7c6de6,-36.53439331054688,147.3563003540039,213.7420410321797,235.88921001277623,0.0,QFA445  ,False,False,False,3655.0,12184.38,12268.2,1620618829.429,1620618829.948
1620618840,7c6de6,-36.54560852050781,147.3358154296875,213.31629977192452,235.81172086140657,-0.32512,QFA445  ,False,False,False,3655.0,12184.38,12268.2,1620618839.796,1620618839.999
1620618850,7c6de6,-36.555908203125,147.31687545776367,213.0276514348251,235.926175456394,0.0,QFA445  ,False,False,False,3655.0,12184.38,12268.2,1620618849.413,1620618849.869
1620618860,7c6de6,-36.5672017760196,147.29621400224403,213.0276514348251,235.926175456394,0.0,QFA445  ,False,False,False,3655.0,12184.38,12268.2,1620618859.91,1620618859.967
1620618870,7c6de6,-36.57795534295553,147.2765204247008,213.0276514348251,235.926175456394,0.0,QFA445  ,False,False,False,3655.0,12184.38,12268.2,1620618869.945,1620618869.955
1620618880,7c6de6,-36.58863830566406,147.25702285766602,213.453968414864,236.0035408517495,0.32512,QFA445  ,False,False,False,3655.0,12184.38,12268.2,1620618879.738,1620618880.0
1620618890,7c6de6,-36.599276267876064,147.23748389710772,213.7420410321797,235.88921001277623,0.0,QFA445  ,False,False,False,3655.0,12192.0,12275.82,1620618889.919,1620618889.959
1620618900,7c6de6,-36.610107421875,147.2175407409668,214.16817169242657,235.96639094434053,0.0,QFA445  ,False,False,False,3655.0,12192.0,12275.82,1620618899.861,1620618899.943
1620618910,7c6de6,-36.62091064453125,147.1977424621582,214.16817169242657,235.96639094434053,0.0,QFA445  ,False,False,False,3655.0,12192.0,12275.82,1620618909.845,1620618909.949
1620618920,7c6de6,-36.63166809082031,147.1779441833496,214.16817169242657,235.96639094434053,0.0,QFA445  ,False,False,False,3655.0,12192.0,,1620618919.862,1620618919.973
1620618930,7c6de6,-36.64256984904665,147.15794989403258,214.16817169242657,235.96639094434053,0.0,QFA445  ,False,False,False,3655.0,12184.38,12268.2,1620618929.911,1620618929.956
1620618940,7c6de6,-36.65290444584218,147.1388991335605,214.16817169242657,235.96639094434053,0.0,QFA445  ,False,False,False,3655.0,12184.38,12268.2,1620618939.537,1620618939.93
1620618950,7c6de6,-36.66389077396718,147.11867961477728,215.0215919502061,236.1198343676012,-3.5763200000000004,QFA445  ,False,False,False,3655.0,12161.52,12245.34,1620618949.726,1620618949.998
1620618960,7c6de6,-36.674690893140905,147.09869384765625,215.73551251441415,236.08256946302964,-7.152640000000001,QFA445  ,False,False,False,3655.0,12115.8,12207.240000000002,1620618959.742,1620618959.989
1620618970,7c6de6,-36.68553756455248,147.07859120470414,217.73139600090417,236.2723860970139,-19.182080000000003,QFA445  ,False,True,True,4440.0,11955.78,12062.46,1620618969.773,1620618969.897
1620618980,7c6de6,-36.69667053222656,147.05801010131836,220.1591933482267,236.0500052509724,-15.93088,QFA445  ,False,False,False,3655.0,11780.52,11894.820000000002,1620618980.0,1620618980.0
1620618990,7c6de6,-36.70774841308594,147.03758239746094,220.58612475642605,236.12462982283017,-9.42848,QFA445  ,False,False,False,3655.0,11658.6,11757.66,1620618989.853,1620618989.955
1620619000,7c6de6,-36.71873474121094,147.0172119140625,219.4451922407656,236.08641301165963,-12.02944,QFA445  ,False,False,False,3655.0,11559.54,11658.6,1620618999.861,1620618999.928
1620619010,7c6de6,-36.72943632481463,146.99759625374003,218.03020409575703,235.6725057290984,-7.152640000000001,QFA445  ,False,False,False,3655.0,11460.48,11559.54,1620619009.569,1620619009.954
1620619020,7c6de6,-36.74088817531782,146.97690923163233,215.0357459011665,235.62560932159903,-9.42848,QFA445  ,False,False,False,3655.0,11399.52,11498.58,1620619019.923,1620619019.991
1620619030,7c6de6,-36.751373291015625,146.95764541625977,213.88067302476972,236.08059769004143,-9.7536,QFA445  ,False,False,False,3655.0,11292.84,11391.9,1620619029.621,1620619029.981
1620619040,7c6de6,-36.76222229003906,146.93744659423828,213.02330320280308,236.4250611459576,-11.3792,QFA445  ,False,False,False,3655.0,11178.54,11285.22,1620619039.945,1620619040.0
1620619050,7c6de6,-36.77263680150952,146.91782849900267,212.02645789661875,236.57982984282148,-10.40384,QFA445  ,False,False,False,3655.0,11079.48,11186.160000000002,1620619049.696,1620619049.993
1620619060,7c6de6,-36.78268432617188,146.8989372253418,211.0311742734501,236.73605955585975,-10.07872,QFA445  ,False,False,False,3655.0,10972.8,11079.48,1620619059.429,1620619059.961
1620619070,7c6de6,-36.79362487792969,146.87828063964844,210.17162443720423,236.5822117933994,-10.40384,QFA445  ,False,False,False,3655.0,10866.12,10972.8,1620619069.823,1620619069.921
1620619080,7c6de6,-36.80368714413402,146.8593321455286,209.31360238395465,236.42710159394517,-10.40384,QFA445  ,False,False,False,3655.0,10767.06,10866.12,1620619079.661,1620619079.983
1620619090,7c6de6,-36.81417846679688,146.83965682983398,208.6005399862165,236.46669208154344,-11.3792,QFA445  ,False,False,False,3655.0,10652.76,10759.44,1620619089.721,1620619089.953
1620619100,7c6de6,-36.82438659667969,146.82065963745117,208.45712697904187,236.2707156563846,-11.3792,QFA445  ,False,False,False,3655.0,10546.08,10645.14,1620619099.556,1620619099.683
1620619110,7c6de6,-36.835342665850135,146.8003098508145,208.0294752407645,236.19204008995808,-11.3792,QFA445  ,False,False,False,3655.0,10424.16,10530.84,1620619109.973,1620619109.99
1620619120,7c6de6,-36.84567260742188,146.78117752075195,208.0294752407645,236.19204008995808,-11.70432,QFA445  ,False,False,False,3655.0,10309.86,10424.16,1620619119.825,1620619119.895
1620619130,7c6de6,-36.85610961914063,146.76191614029256,207.6022173648384,236.1130405359483,-11.3792,QFA445  ,False,False,False,3655.0,10195.56,10302.240000000002,1620619129.744,1620619129.984
1620619140,7c6de6,-36.86606714280987,146.74336972443953,207.3158257931978,236.2310670324125,-11.70432,QFA445  ,False,False,False,3655.0,10081.26,10187.94,1620619139.5,1620619139.895
1620619150,7c6de6,-36.87684631347656,146.7232886781084,207.6022173648384,236.1130405359483,-11.3792,QFA445  ,False,False,False,3655.0,9966.96,10073.64,1620619149.877,1620619149.981
1620619160,7c6de6,-36.88715530654133,146.70426078464675,206.88837332103404,236.15187555216173,-10.72896,QFA445  ,False,False,False,3655.0,9852.66,9959.34,1620619159.693,1620619159.971
1620619170,7c6de6,-36.89730369438559,146.68539296025816,206.88837332103404,236.15187555216173,-10.72896,QFA445  ,False,False,False,3655.0,9745.98,9852.66,1620619169.523,1620619169.906
1620619180,7c6de6,-36.90787105237024,146.66580863620925,206.17462498223696,236.19097946946775,-9.7536,QFA445  ,False,False,False,3655.0,9654.54,9753.6,1620619179.849,1620619179.94
1620619190,7c6de6,-36.91815909692798,146.64664227029553,205.03352622219597,236.1504456778278,-8.77824,QFA445  ,False,False,False,3655.0,9563.1,9662.16,1620619189.773,1620619189.92
1620619210,7c6de6,-36.938232421875,146.60927630485372,202.1791100186728,236.3099324740202,-8.45312,QFA445  ,False,False,False,3655.0,9387.84,9494.52,1620619209.41,1620619209.897
1620619220,7c6de6,-36.94874391717428,146.58956113068953,200.7525018958897,236.3913763132857,-7.477760000000001,QFA445  ,False,False,False,3655.0,9311.64,9403.080000000002,1620619219.974,1620619219.974
1620619230,7c6de6,-36.95805358886719,146.57210979055853,198.89764956693,236.39213583155276,-7.152640000000001,QFA445  ,False,False,False,3655.0,9243.06,9334.500000000002,1620619229.428,1620619229.911
1620619240,7c6de6,-36.96839904785156,146.55270840259308,196.32965178625648,236.43485040003,-6.827520000000001,QFA445  ,False,False,False,3655.0,9174.48,9265.92,1620619239.926,1620619239.936
1620619250,7c6de6,-36.97779251357258,146.53504744819972,194.47480201637748,236.4360418364336,-7.152640000000001,QFA445  ,False,False,False,3655.0,9098.28,9197.34,1620619249.515,1620619249.983
1620619260,7c6de6,-36.98748779296875,146.5167690845246,192.61995233221103,236.4372562189076,-6.827520000000001,QFA445  ,False,False,False,3655.0,9037.32,9128.76,1620619259.661,1620619259.961
1620619270,7c6de6,-36.99723815917969,146.49853645487036,190.76510273625732,236.43849421677936,-7.80288,QFA445  ,False,False,False,3655.0,8961.12,9052.56,1620619269.876,1620619269.965
1620619280,7c6de6,-37.00630187988281,146.48147258352728,189.6233884771671,236.39615630586465,-8.128,QFA445  ,False,False,False,3655.0,8884.92,8976.36,1620619279.448,1620619279.766
1620619290,7c6de6,-37.01601190082101,146.46327806555706,188.48177901177036,236.3533055009457,-8.128,QFA445  ,False,False,False,3655.0,8801.1,8892.54,1620619289.7,1620619289.985
1620619300,7c6de6,-37.02532234838452,146.4457835321841,187.0554038194849,236.44104386876745,-8.128,QFA445  ,False,False,False,3655.0,8724.9,8816.34,1620619299.729,1620619299.988
1620619310,7c6de6,-37.03458624371029,146.42834870711616,185.9136843209524,236.39787680942663,-8.45312,QFA445  ,False,False,False,3655.0,8641.08,8724.9,1620619309.816,1620619309.982
1620619320,7c6de6,-37.04380358679822,146.41103329865828,185.2005545041773,236.44235699826805,-8.45312,QFA445  ,False,False,False,3655.0,8557.26,8641.08,1620619319.648,1620619319.91
1620619330,7c6de6,-37.05326843261719,146.39323133103392,184.0588323076105,236.39876306875792,-8.45312,QFA445  ,False,False,False,3655.0,8473.44,8557.26,1620619329.997,1620619329.997
1620619340,7c6de6,-37.06219482421875,146.37640121135306,183.77463361936643,236.53235286106676,-9.10336,QFA445  ,False,False,False,3655.0,8382.0,8465.82,1620619339.792,1620619339.947
1620619350,7c6de6,-37.07099009368381,146.35974386463994,182.6326919126703,236.4889812021592,-8.128,QFA445  ,False,False,False,3655.0,8298.18,8382.000000000002,1620619349.559,1620619349.984
1620619360,7c6de6,-37.0800677800583,146.34272699770722,181.77571359477005,236.3099324740202,-8.128,QFA445  ,False,False,False,3655.0,8221.98,8298.18,1620619359.594,1620619359.854
1620619370,7c6de6,-37.08934020996094,146.3252095973238,181.0623643433192,236.3550828031402,-8.128,QFA445  ,False,False,False,3655.0,8138.160000000001,8214.36,1620619369.864,1620619369.99
1620619380,7c6de6,-37.09803694385596,146.30881268045178,180.4943471175298,236.626980982306,-8.77824,QFA445  ,False,False,False,3655.0,8054.34,8138.16,1620619379.557,1620619379.991
1620619390,7c6de6,-37.10710144042969,146.29172467170878,180.06495370654105,236.5369351670554,-8.128,QFA445  ,False,False,False,3655.0,7970.52,8054.34,1620619389.851,1620619389.947
1620619400,7c6de6,-37.11614576436705,146.27465952997622,179.63600716602582,236.4464590929385,-8.45312,QFA445  ,False,False,False,3655.0,7894.320000000001,7970.52,1620619399.762,1620619399.961
1620619410,7c6de6,-37.12495422363281,146.25800599443153,179.63600716602582,236.4464590929385,-8.45312,QFA445  ,False,False,False,3655.0,7810.5,7879.08,1620619409.703,1620619409.997
1620619420,7c6de6,-37.13416148040256,146.24068550441575,179.35217815330574,236.58341860468707,-8.77824,QFA445  ,False,False,False,3655.0,7726.68,7787.64,1620619419.935,1620619419.994
1620619430,7c6de6,-37.14305295782577,146.22390747070312,179.35217815330574,236.58341860468707,-8.77824,QFA445  ,False,False,False,3655.0,7635.240000000001,7703.820000000001,1620619429.862,1620619429.862
1620619440,7c6de6,-37.15175822629766,146.20742797851562,178.92300196119865,236.49269351131,-9.10336,QFA445  ,False,False,False,3655.0,7551.42,7612.38,1620619439.77,1620619439.916
1620619450,7c6de6,-37.16078936043437,146.19029169497284,178.6395215898431,236.6302729512812,-8.77824,QFA445  ,False,False,False,3655.0,7467.6,7528.56,1620619449.956,1620619449.985
1620619460,7c6de6,-37.16954040527344,146.17373852019614,178.2101141955144,236.5392978601252,-8.45312,QFA445  ,False,False,False,3655.0,7383.780000000001,7444.740000000001,1620619459.843,1620619459.976
1620619470,7c6de6,-37.17843265856726,146.15685504415762,177.49734528399568,236.5862765346285,-8.128,QFA445  ,False,False,False,3655.0,7299.96,7360.92,1620619469.926,1620619469.933
1620619480,7c6de6,-37.18723103151484,146.14019642705503,177.0681572759845,236.4946079973008,-9.10336,QFA445  ,False,False,False,3655.0,7216.14,7277.1,1620619479.895,1620619479.895
1620619490,7c6de6,-37.19607595670021,146.12359751825747,176.63942471775053,236.40249423438908,-7.152640000000001,QFA445  ,False,False,False,3655.0,7139.9400000000005,7193.280000000001,1620619489.958,1620619489.97
1620619500,7c6de6,-37.20478122517216,146.10711802606997,175.64251286563396,236.58919482560285,-7.80288,QFA445  ,False,False,False,3655.0,7063.740000000001,7117.080000000001,1620619499.952,1620619499.963
1620619510,7c6de6,-37.21330028469282,146.09093707540762,175.7901141733091,236.82148834060723,-7.477760000000001,QFA445  ,False,False,False,3655.0,6995.160000000001,7040.880000000001,1620619509.762,1620619509.987
1620619520,7c6de6,-37.22205210540256,146.0739799167799,181.2252667756077,237.1670494844108,-9.10336,QFA445  ,False,False,False,3655.0,6903.72,6949.4400000000005,1620619519.724,1620619519.954
1620619530,7c6de6,-37.23103668730141,146.05654509171197,185.64586887198865,237.1025982949066,-7.80288,QFA445  ,False,False,False,3655.0,6819.900000000001,6865.620000000001,1620619529.716,1620619529.977
1620619540,7c6de6,-37.2403564453125,146.03863005942486,189.20422268036475,236.87163780658676,-6.827520000000001,QFA445  ,False,False,False,3655.0,6751.320000000001,6797.040000000001,1620619539.882,1620619539.998
1620619550,7c6de6,-37.24965758242848,146.02083952530572,190.9107159750164,236.6525040540864,-7.80288,QFA445  ,False,False,False,3655.0,6675.12,6720.84,1620619549.721,1620619549.961
1620619560,7c6de6,-37.259033203125,146.0030998067653,191.193996766138,236.5237217038973,-11.05408,QFA445  ,False,False,False,3655.0,6576.06,6621.780000000001,1620619559.692,1620619559.933
1620619570,7c6de6,-37.26850891113281,145.9852178046044,190.0520739810047,236.4819913547481,-10.40384,QFA445  ,False,False,False,3655.0,6469.38,6507.4800000000005,1620619569.603,1620619569.927
1620619580,7c6de6,-37.27793884277344,145.96751111619017,188.48177901177036,236.3533055009457,-10.40384,QFA445  ,False,False,False,3655.0,6370.320000000001,6408.420000000001,1620619579.685,1620619579.907
1620619590,7c6de6,-37.28755110401221,145.9493686841882,187.0554038194849,236.44104386876745,-10.72896,QFA445  ,False,False,False,3655.0,6263.64,6309.360000000001,1620619589.9,1620619589.977
1620619600,7c6de6,-37.29639602919758,145.9327100670856,185.9136843209524,236.39787680942663,-10.72896,QFA445  ,False,False,False,3655.0,6156.96,6195.06,1620619599.328,1620619599.968
1620619610,7c6de6,-37.305846133474574,145.91479757557744,184.6338010938924,236.7084283788853,-10.72896,QFA445  ,False,False,False,3655.0,6057.900000000001,6088.38,1620619609.634,1620619609.936
1620619620,7c6de6,-37.31487726761122,145.89748216711956,183.2092473121642,236.80077215981856,-9.7536,QFA445  ,False,False,False,3655.0,5958.84,5989.32,1620619619.699,1620619619.952
1620619630,7c6de6,-37.323760986328125,145.88049705992356,182.066666648627,236.7589497667385,-10.40384,QFA445  ,False,False,False,3655.0,5852.16,5890.26,1620619629.698,1620619629.992
1620619640,7c6de6,-37.33273315429688,145.8633747506649,180.92418421727416,236.71659915890007,-9.42848,QFA445  ,False,False,False,3655.0,5768.34,5798.82,1620619639.63,1620619639.996
1620619650,7c6de6,-37.34161376953125,145.84636931723736,179.93042022461594,236.90058968866688,-9.42848,QFA445  ,False,False,False,3655.0,5661.66,5692.139999999999,1620619649.712,1620619649.99
1620619660,7c6de6,-37.3505859375,145.8291301321476,178.50687900815663,236.9968993079236,-1.95072,QFA445  ,False,False,False,3655.0,5615.9400000000005,5638.8,1620619659.802,1620619659.996
1620619670,7c6de6,-37.3594277592029,145.81209929093072,178.50687900815663,236.9968993079236,-0.32512,QFA445  ,False,False,False,3655.0,5608.320000000001,5623.56,1620619669.88,1620619669.984
1620619680,7c6de6,-37.36793518066406,145.79564520653258,179.6500027011023,237.0380366236713,-2.60096,QFA445  ,False,False,False,3655.0,5593.08,5608.32,1620619679.687,1620619679.984
1620619690,7c6de6,-37.37713623046875,145.77799695603392,180.2118699730014,236.76357128859672,-4.8768,QFA445  ,False,False,False,3655.0,5547.360000000001,5570.22,1620619689.997,1620619689.997
1620619700,7c6de6,-37.38559011685646,145.76188460640284,179.63600716602582,236.4464590929385,-5.8521600000000005,QFA445  ,False,False,False,3655.0,5494.02,5516.88,1620619699.596,1620619699.891
1620619710,7c6de6,-37.39434814453125,145.74521328540558,178.6395215898431,236.6302729512812,-9.7536,QFA445  ,False,False,False,3655.0,5417.820000000001,5440.68,1620619709.435,1620619709.801
1620619720,7c6de6,-37.40360583289197,145.72761203931725,177.49734528399568,236.5862765346285,-10.40384,QFA445  ,False,False,False,3655.0,5311.14,5341.62,1620619719.975,1620619719.975
1620619730,7c6de6,-37.412171444650426,145.7112519637398,176.9328409177877,236.8643904512811,-10.07872,QFA445  ,False,False,False,3655.0,5212.08,5234.94,1620619729.778,1620619729.976
1620619740,7c6de6,-37.420806884765625,145.69472292636303,176.50228025010318,236.7731057272605,-10.40384,QFA445  ,False,False,False,3655.0,5113.02,5128.26,1620619739.625,1620619739.968
1620619750,7c6de6,-37.42955017089844,145.67812655834442,175.92630947910737,236.4493379885,-10.07872,QFA445  ,False,False,False,3655.0,5021.58,5036.82,1620619749.692,1620619749.984
1620619760,7c6de6,-37.43833380230405,145.66139552904212,175.64251286563396,236.58919482560285,-10.07872,QFA445  ,False,False,False,3655.0,4914.900000000001,4930.14,1620619759.748,1620619759.994
1620619770,7c6de6,-37.44694519042969,145.6450506981383,175.3597661660975,236.7295035058833,-10.07872,QFA445  ,False,False,False,3655.0,4815.84,4838.7,1620619769.587,1620619769.993
1620619780,7c6de6,-37.4560546875,145.6284543301197,175.46236162605038,234.30609688417397,-9.7536,QFA445  ,False,False,False,3655.0,4709.16,4732.02,1620619779.869,1620619779.986
1620619790,7c6de6,-37.46528754800056,145.6126138438349,175.23294766719397,233.8365911324084,-9.7536,QFA445  ,False,False,False,3655.0,4625.34,4625.34,1620619789.709,1620619789.965
1620619800,7c6de6,-37.47441178661285,145.59702997622284,174.81788139300247,233.73709790896635,-10.40384,QFA445  ,False,False,False,3655.0,4518.66,4526.28,1620619799.542,1620619799.869
1620619810,7c6de6,-37.48381533865205,145.58084902556047,173.795294997568,233.910280851132,-10.07872,QFA445  ,False,False,False,3655.0,4419.6,4427.22,1620619809.857,1620619809.945
1620619820,7c6de6,-37.4928464727887,145.5653248662534,173.37983989037642,233.8101390195987,-10.07872,QFA445  ,False,False,False,3655.0,4320.54,4366.26,1620619819.476,1620619819.997
1620619830,7c6de6,-37.502288818359375,145.54909564079122,172.24580789285451,233.7461622625552,-8.128,QFA445  ,False,False,False,3655.0,4229.1,4244.34,1620619829.79,1620619829.965
1620619840,7c6de6,-37.51139831542969,145.53343427942156,171.22331703888543,233.9220008012429,-7.477760000000001,QFA445  ,False,False,False,3655.0,4160.52,4160.52,1620619839.841,1620619839.953
1620619850,7c6de6,-37.52027893066406,145.51812354554522,170.92087385631544,234.0613785812185,-7.477760000000001,QFA445  ,False,False,False,3655.0,4084.32,4084.32,1620619849.626,1620619849.927
1620619860,7c6de6,-37.529436531713486,145.50233260444972,171.22331703888543,233.9220008012429,-7.477760000000001,QFA445  ,False,False,False,3655.0,4015.74,4015.74,1620619859.667,1620619859.98
1620619870,7c6de6,-37.538514218087926,145.48674873683763,171.22331703888543,233.9220008012429,-7.477760000000001,QFA445  ,False,False,False,3655.0,3939.54,3939.54,1620619869.662,1620619869.985
1620619880,7c6de6,-37.547698974609375,145.47090570977394,171.22331703888543,233.9220008012429,-7.80288,QFA445  ,False,False,False,3655.0,3863.34,3863.34,1620619879.901,1620619879.983
1620619890,7c6de6,-37.556436829647794,145.45581983483356,171.63936630302206,234.02312971289064,-7.477760000000001,QFA445  ,False,False,False,3655.0,3794.76,3787.14,1620619889.445,1620619889.913
1620619900,7c6de6,-37.56587219238281,145.43946611120347,171.63936630302206,234.02312971289064,-7.80288,QFA445  ,False,False,False,3655.0,3710.94,3710.94,1620619899.877,1620619899.938
1620619910,7c6de6,-37.57475280761719,145.42409693941158,170.92087385631544,234.0613785812185,-9.42848,QFA445  ,False,False,False,3655.0,3627.12,3619.500000000001,1620619909.754,1620619909.996
1620619920,7c6de6,-37.58371644100902,145.40870998216712,170.5046235676923,233.959916814858,-9.7536,QFA445  ,False,False,False,3655.0,3528.0600000000004,3520.4400000000005,1620619919.569,1620619919.991
1620619930,7c6de6,-37.59307344081037,145.39252903150475,169.7860053969078,233.99815380390152,-9.7536,QFA445  ,False,False,False,3655.0,3429.0,3421.38,1620619929.883,1620619930.0
1620619940,7c6de6,-37.60176086425781,145.3774634827959,169.0674634867208,234.036715826996,-9.42848,QFA445  ,False,False,False,3655.0,3337.56,3329.94,1620619939.723,1620619939.952
1620619950,7c6de6,-37.61080984341896,145.3618986710258,168.23577331515887,233.8309332044184,-9.7536,QFA445  ,False,False,False,3655.0,3238.5,3230.88,1620619949.655,1620619949.905
1620619960,7c6de6,-37.61943054199219,145.3470173287899,167.2140851370434,234.0115063507381,-9.7536,QFA445  ,False,False,False,3655.0,3139.44,3124.2000000000003,1620619959.477,1620619959.818
1620619970,7c6de6,-37.628448486328125,145.33141440533578,166.49557047027162,234.05072167718373,-9.7536,QFA445  ,False,False,False,3655.0,3048.0,3032.76,1620619969.731,1620619969.996
1620619980,7c6de6,-37.63729806673729,145.3159829844599,165.8936333877656,234.338394976236,-9.10336,QFA445  ,False,False,False,3655.0,2956.56,2941.32,1620619979.798,1620619979.961
1620619990,7c6de6,-37.64581712625795,145.30111561650816,165.36073988392968,233.98573177924084,-9.42848,QFA445  ,False,False,False,3655.0,2865.1200000000003,2849.880000000001,1620619989.454,1620619989.856
1620620000,7c6de6,-37.65486145019531,145.28554064162236,164.52961487578995,233.7750557444797,-9.42848,QFA445  ,False,False,False,3655.0,2766.06,2750.82,1620619999.794,1620619999.998
1620620010,7c6de6,-37.66332076767748,145.27102263077447,163.8106346547331,233.8138763044027,-9.7536,QFA445  ,False,False,False,3655.0,2667.0,2651.76,1620620009.626,1620620009.96
1620620020,7c6de6,-37.67207336425781,145.2558541805186,163.20528134650766,234.1054091802239,-9.7536,QFA445  ,False,False,False,3655.0,2567.94,2560.32,1620620019.575,1620620019.978
1620620030,7c6de6,-37.68059164790788,145.2410490616508,162.7888112268345,233.9992510458393,-9.42848,QFA445  ,False,False,False,3655.0,2476.5,2453.64,1620620029.501,1620620029.777
1620620040,7c6de6,-37.68919372558594,145.22605084358378,161.0505539216605,234.228289504896,-9.42848,QFA445  ,False,False,False,3655.0,2377.44,2362.2000000000003,1620620039.679,1620620039.98
1620620050,7c6de6,-37.697662353515625,145.21132448886303,159.91514702539408,234.1623470457217,-9.10336,QFA445  ,False,False,False,3655.0,2293.62,2278.38,1620620049.679,1620620049.9
1620620060,7c6de6,-37.70599365234375,145.19671500997342,158.89658735228878,234.3545018996321,-9.42848,QFA445  ,False,False,False,3655.0,2194.56,2179.32,1620620059.648,1620620059.902
1620620070,7c6de6,-37.71432495117188,145.18216396899933,157.644982433273,234.02761295071508,-9.42848,QFA445  ,False,False,False,3655.0,2103.12,2080.26,1620620069.562,1620620069.937
1620620080,7c6de6,-37.72283935546875,145.16749605219417,156.92650235414283,234.06929329989157,-9.10336,QFA445  ,False,False,False,3655.0,2011.68,1988.82,1620620079.839,1620620079.966
1620620090,7c6de6,-37.73091461698891,145.1533375615659,153.9382876767097,233.9726266148964,-2.60096,QFA445  ,False,False,False,3655.0,1958.34,1935.48,1620620089.689,1620620089.986
1620620100,7c6de6,-37.738861083984375,145.1396796043883,149.81630360009228,233.79904740492344,-2.60096,QFA445  ,False,False,False,3655.0,1935.48,1912.62,1620620099.715,1620620099.956
1620620110,7c6de6,-37.74664306640625,145.12623888380986,145.08780142202667,233.9427539484097,-2.60096,QFA445  ,False,False,False,3655.0,1905.0,1882.14,1620620109.735,1620620109.98
1620620120,7c6de6,-37.75433039261122,145.11297474736753,141.68519992523218,233.7126101800076,-2.60096,QFA445  ,False,False,False,3655.0,1882.14,1859.28,1620620119.871,1620620119.955
1620620130,7c6de6,-37.76182530289992,145.10019717009172,139.52817655181084,233.8483746448336,-6.827520000000001,QFA445  ,False,False,False,3655.0,1821.18,1798.3200000000002,1620620129.691,1620620129.931
1620620140,7c6de6,-37.76894779528601,145.087658426036,138.32422466309143,234.5366357584594,-7.152640000000001,QFA445  ,False,False,False,3655.0,1752.6,1729.7400000000002,1620620139.532,1620620139.801
1620620150,7c6de6,-37.77625649662343,145.0746420155401,137.72983154923654,234.88525341123,-6.502400000000001,QFA445  ,False,False,False,3655.0,1676.4,1653.5400000000002,1620620149.859,1620620149.866
1620620160,7c6de6,-37.78349304199219,145.06184030086436,136.769559771031,234.33705835095012,-7.152640000000001,QFA445  ,False,False,False,3655.0,1615.44,1592.5800000000002,1620620159.918,1620620159.993
1620620170,7c6de6,-37.79050148139567,145.0496242357337,136.769559771031,234.33705835095012,-5.8521600000000005,QFA445  ,False,False,False,3655.0,1546.86,1524.0000000000002,1620620169.575,1620620169.97
1620620180,7c6de6,-37.79786682128906,145.03682887300533,134.08151661287428,234.0534386621738,-2.60096,QFA445  ,False,False,False,3655.0,1516.38,1493.5200000000002,1620620179.909,1620620179.971
1620620190,7c6de6,-37.80473327636719,145.02496597614694,130.79125348991664,234.12174774019564,-2.92608,QFA445  ,False,False,False,3655.0,1485.9,1463.0400000000002,1620620189.676,1620620189.974
1620620200,7c6de6,-37.81098446603551,145.01236625339675,125.4705608665035,241.3332944952507,-2.92608,QFA445  ,False,False,False,3655.0,1463.04,1440.18,1620620199.88,1620620199.992
1620620210,7c6de6,-37.81503451072564,144.99982750934103,119.90960215232867,250.70995378081125,-2.60096,QFA445  ,False,False,False,3655.0,1432.5600000000002,1409.7000000000005,1620620209.733,1620620209.973
1620620220,7c6de6,-37.81754833156782,144.98669168223506,116.1288251162611,258.24206447941583,-2.92608,QFA445  ,False,False,False,3655.0,1409.7,1379.22,1620620219.914,1620620219.97
1620620230,7c6de6,-37.8196431822696,144.97421264648438,114.11499733442965,258.03152434841616,-2.92608,QFA445  ,False,False,False,3655.0,1379.22,1356.36,1620620229.767,1620620229.968
1620620240,7c6de6,-37.82169148073359,144.96203215225884,111.59996741549774,257.75766880112553,-2.60096,QFA445  ,False,False,False,3655.0,1356.36,1325.88,1620620239.559,1620620239.906
1620620250,7c6de6,-37.82387943591101,144.94967253311822,108.0834478664156,257.352873864274,-0.97536,QFA445  ,False,False,False,3655.0,1333.5,1303.02,1620620249.751,1620620249.95
1620620260,7c6de6,-37.825927734375,144.9377905804178,103.4134811847886,258.5223730403922,-4.55168,QFA445  ,False,False,False,3655.0,1303.02,1272.54,1620620259.94,1620620259.99
1620620270,7c6de6,-37.82741740598516,144.92644600246263,100.48001367888672,261.1646267865505,-4.8768,QFA445  ,False,False,False,3655.0,1249.68,1219.2,1620620269.839,1620620269.892
1620620280,7c6de6,-37.82867431640625,144.91592082571478,98.29111977493024,261.57303097851934,-4.22656,QFA445  ,False,False,False,3655.0,1203.96,1173.48,1620620279.425,1620620279.827
1620620290,7c6de6,-37.83007088354077,144.9045927628227,95.31801906375772,260.9952208747227,-4.55168,QFA445  ,False,False,False,3655.0,1158.24,1135.38,1620620289.96,1620620289.999
1620620300,7c6de6,-37.83137512207031,144.89435723487367,93.28616055583996,260.7974030279784,-4.55168,QFA445  ,False,False,False,3655.0,1112.52,1082.04,1620620299.665,1620620299.814
1620620310,7c6de6,-37.83211918200476,144.88411281419835,89.51473427514976,269.67071753615335,-4.55168,QFA445  ,False,False,False,3655.0,1066.8,1036.32,1620620309.559,1620620309.861
1620620320,7c6de6,-37.829651913400426,144.8747386103091,84.20711307508914,296.0954241573883,-4.55168,QFA445  ,False,False,False,3655.0,1021.08,990.6,1620620319.992,1620620319.992
1620620330,7c6de6,-37.82429840605141,144.86846923828125,80.33401746135543,325.69934337430414,-3.90144,QFA445  ,False,False,False,3655.0,975.36,944.88,1620620329.857,1620620329.997
1620620340,7c6de6,-37.81754833156782,144.86572265625,80.91666110773875,348.2614287932777,-4.22656,QFA445  ,False,False,False,3655.0,929.64,899.1600000000001,1620620339.697,1620620339.935
1620620350,7c6de6,-37.81056549589516,144.8644090735394,79.59431283865429,351.4509231795813,-4.22656,QFA445  ,False,False,False,3655.0,891.5400000000001,861.0600000000001,1620620349.55,1620620349.931
1620620360,7c6de6,-37.803582660222446,144.86297607421875,78.14809063529535,350.9097230791777,-3.90144,QFA445  ,False,False,False,3655.0,845.82,815.34,1620620359.634,1620620359.957
1620620370,7c6de6,-37.79650672007415,144.8617221998132,76.82976142257208,352.3039482779834,-3.90144,QFA445  ,False,False,False,3655.0,807.72,777.24,1620620369.72,1620620369.957
1620620380,7c6de6,-37.78975664559061,144.8604086171026,75.52696716006373,350.98679564435724,-3.90144,QFA445  ,False,False,False,3655.0,769.62,739.14,1620620379.763,1620620379.92
1620620390,7c6de6,-37.783447265625,144.85929448553858,73.12527860933508,352.7249950421107,-3.2512000000000003,QFA445  ,False,False,False,3655.0,739.14,708.66,1620620389.554,1620620389.962
1620620400,7c6de6,-37.77681512347726,144.85807999320653,70.28517607186151,351.15818543980834,-3.5763200000000004,QFA445  ,False,False,False,3655.0,693.4200000000001,662.94,1620620399.755,1620620399.991
1620620410,7c6de6,-37.77085643703657,144.856945535411,67.58823145723296,351.6848742432081,-3.2512000000000003,QFA445  ,False,False,False,3655.0,662.94,632.46,1620620409.507,1620620409.987
1620620420,7c6de6,-37.76486206054688,144.85578821060506,63.950583093812426,351.6743496695732,-3.2512000000000003,QFA445  ,False,False,False,3655.0,624.84,586.74,1620620419.769,1620620419.993
1620620430,7c6de6,-37.759368896484375,144.854736328125,63.01046533948366,351.0760115563686,-3.2512000000000003,QFA445  ,False,False,False,3655.0,594.36,556.26,1620620429.614,1620620429.954
1620620440,7c6de6,-37.75377176575745,144.85372128693953,61.48628145536011,350.85291961512485,-3.2512000000000003,QFA445  ,False,False,False,3655.0,563.88,525.78,1620620439.7,1620620439.941
1620620450,7c6de6,-37.74806213378906,144.8526325631649,64.53555938173336,351.2885624480496,-2.92608,QFA445  ,False,False,False,3655.0,525.78,487.68,1620620449.938,1620620449.938
1620620460,7c6de6,-37.742523193359375,144.85152224276928,65.04411525547947,351.3571974199955,-4.22656,QFA445  ,False,False,False,3655.0,495.3,457.2,1620620459.599,1620620459.989
1620620470,7c6de6,-37.73703002929688,144.8505287982048,62.859078524907446,352.00252652819614,-3.2512000000000003,QFA445  ,False,False,False,3655.0,457.2000000000001,419.1,1620620469.351,1620620469.946
1620620480,7c6de6,-37.73114737817798,144.8494222889776,61.84036295992448,351.86989764584405,-3.90144,QFA445  ,False,False,False,3655.0,419.1,381.0,1620620479.87,1620620479.87
1620620490,7c6de6,-37.7255859375,144.8484250332447,63.44160451864603,351.6070748126075,-2.27584,QFA445  ,False,False,False,3655.0,388.62,350.52,1620620489.889,1620620489.889
1620620500,7c6de6,-37.719881736626064,144.84733249830165,63.44160451864603,351.6070748126075,-2.60096,QFA445  ,False,False,False,3655.0,358.14000000000004,320.04,1620620499.797,1620620499.877
1620620510,7c6de6,-37.71452822927705,144.84631745711616,60.31293714846194,351.6625555611533,-3.5763200000000004,QFA445  ,False,False,False,3655.0,327.66,289.56,1620620509.814,1620620509.865
1620620520,7c6de6,-37.70906066894531,144.84532782372008,59.29511091204535,351.51839420597065,-3.5763200000000004,QFA445  ,False,False,False,3655.0,297.18,259.08,1620620519.906,1620620519.956
1620620530,7c6de6,-37.70382121457891,144.84434708305028,61.406601110383306,351.32682595212026,-2.60096,QFA445  ,False,False,False,3655.0,266.7,228.6,1620620529.56,1620620529.811
1620620540,7c6de6,-37.69814184156519,144.84327233355978,63.01046533948366,351.0760115563686,-3.5763200000000004,QFA445  ,False,False,False,3655.0,236.22,190.5,1620620539.905,1620620539.905
1620620550,7c6de6,-37.69285583496094,144.84228905211106,62.859078524907446,352.00252652819614,-3.2512000000000003,QFA445  ,False,False,False,3655.0,205.74,160.02,1620620549.382,1620620549.68
